*** FeIII collision strengths data
0 0 3.699e+00 3.845e+00 4.000e+00 4.079e+00 4.176e+00 4.230e+00 4.301e+00
1 2 2.480e+00 2.700e+00 2.920e+00 3.000e+00 3.050e+00 3.060e+00 3.040e+00
1 3 1.000e+00 1.130e+00 1.240e+00 1.290e+00 1.320e+00 1.330e+00 1.330e+00
1 4 4.840e-01 5.410e-01 5.950e-01 6.150e-01 6.310e-01 6.370e-01 6.390e-01
1 5 1.480e-01 1.640e-01 1.800e-01 1.870e-01 1.920e-01 1.940e-01 1.960e-01
1 6 6.240e-01 6.030e-01 5.800e-01 5.690e-01 5.550e-01 5.480e-01 5.400e-01
1 7 1.400e+00 1.370e+00 1.340e+00 1.330e+00 1.320e+00 1.320e+00 1.320e+00
1 8 5.100e-01 4.970e-01 4.890e-01 4.870e-01 4.860e-01 4.870e-01 4.900e-01
1 9 9.480e-02 9.300e-02 9.260e-02 9.300e-02 9.410e-02 9.490e-02 9.630e-02
1 10 1.860e-01 1.750e-01 1.650e-01 1.600e-01 1.550e-01 1.530e-01 1.490e-01
1 11 2.240e-02 2.190e-02 2.130e-02 2.100e-02 2.060e-02 2.030e-02 1.990e-02
1 12 1.150e+00 1.100e+00 1.070e+00 1.050e+00 1.020e+00 1.010e+00 9.870e-01
1 13 4.530e-01 4.420e-01 4.350e-01 4.330e-01 4.310e-01 4.280e-01 4.240e-01
1 14 1.580e-01 1.560e-01 1.570e-01 1.580e-01 1.600e-01 1.600e-01 1.610e-01
1 15 1.070e+00 1.080e+00 1.100e+00 1.100e+00 1.090e+00 1.090e+00 1.080e+00
1 16 4.190e-01 4.240e-01 4.280e-01 4.280e-01 4.270e-01 4.260e-01 4.240e-01
1 17 1.090e-01 1.090e-01 1.090e-01 1.090e-01 1.090e-01 1.090e-01 1.090e-01
1 18 1.350e+00 1.390e+00 1.360e+00 1.330e+00 1.280e+00 1.250e+00 1.200e+00
1 19 8.020e-11 2.190e-10 4.210e-10 5.210e-10 6.200e-10 6.600e-10 6.920e-10
1 20 2.990e-01 3.150e-01 3.290e-01 3.330e-01 3.340e-01 3.330e-01 3.300e-01
1 21 1.360e-01 1.430e-01 1.500e-01 1.520e-01 1.530e-01 1.540e-01 1.530e-01
1 22 6.580e-01 6.990e-01 7.270e-01 7.320e-01 7.270e-01 7.210e-01 7.080e-01
1 23 3.670e-10 1.270e-09 3.670e-09 5.970e-09 1.010e-08 1.300e-08 1.720e-08
1 24 1.530e-19 5.330e-19 2.390e-18 4.570e-18 8.660e-18 1.150e-17 1.570e-17
1 25 1.140e-07 2.150e-07 3.220e-07 3.670e-07 4.120e-07 4.320e-07 4.510e-07
1 26 1.680e+00 1.660e+00 1.610e+00 1.580e+00 1.540e+00 1.520e+00 1.490e+00
1 27 1.180e-06 1.250e-06 1.310e-06 1.360e-06 1.450e-06 1.500e-06 1.560e-06
1 28 2.890e-02 3.090e-02 3.260e-02 3.330e-02 3.400e-02 3.430e-02 3.470e-02
1 29 1.040e-01 1.090e-01 1.140e-01 1.160e-01 1.180e-01 1.190e-01 1.210e-01
1 30 1.090e-01 1.110e-01 1.090e-01 1.080e-01 1.050e-01 1.040e-01 1.020e-01
1 31 6.640e-01 6.400e-01 6.130e-01 5.980e-01 5.790e-01 5.690e-01 5.560e-01
1 32 3.250e-01 3.280e-01 3.260e-01 3.220e-01 3.170e-01 3.140e-01 3.090e-01
1 33 3.840e-01 3.510e-01 3.230e-01 3.100e-01 2.950e-01 2.880e-01 2.780e-01
1 34 6.440e-09 1.670e-08 3.070e-08 3.740e-08 4.360e-08 4.600e-08 4.780e-08
2 3 1.700e+00 1.880e+00 2.060e+00 2.130e+00 2.180e+00 2.190e+00 2.190e+00
2 4 6.210e-01 7.160e-01 7.990e-01 8.270e-01 8.480e-01 8.510e-01 8.490e-01
2 5 1.740e-01 2.020e-01 2.250e-01 2.330e-01 2.380e-01 2.380e-01 2.370e-01
2 6 3.640e-01 3.500e-01 3.350e-01 3.280e-01 3.200e-01 3.160e-01 3.110e-01
2 7 5.770e-01 5.630e-01 5.550e-01 5.540e-01 5.540e-01 5.550e-01 5.580e-01
2 8 6.360e-01 6.200e-01 6.090e-01 6.050e-01 6.020e-01 6.010e-01 6.020e-01
2 9 3.790e-01 3.700e-01 3.670e-01 3.670e-01 3.680e-01 3.700e-01 3.730e-01
2 10 2.050e-01 2.000e-01 1.950e-01 1.920e-01 1.880e-01 1.850e-01 1.830e-01
2 11 7.900e-02 7.410e-02 6.980e-02 6.790e-02 6.600e-02 6.510e-02 6.400e-02
2 12 5.650e-01 5.480e-01 5.380e-01 5.340e-01 5.290e-01 5.240e-01 5.180e-01
2 13 5.160e-01 4.980e-01 4.840e-01 4.770e-01 4.670e-01 4.600e-01 4.510e-01
2 14 2.950e-01 2.880e-01 2.850e-01 2.840e-01 2.830e-01 2.810e-01 2.790e-01
2 15 4.890e-01 4.950e-01 4.980e-01 4.990e-01 4.970e-01 4.960e-01 4.920e-01
2 16 4.850e-01 4.980e-01 5.110e-01 5.150e-01 5.160e-01 5.160e-01 5.130e-01
2 17 2.980e-01 3.030e-01 3.080e-01 3.090e-01 3.100e-01 3.100e-01 3.090e-01
2 18 9.430e-01 9.890e-01 9.860e-01 9.670e-01 9.340e-01 9.120e-01 8.790e-01
2 19 2.680e-10 7.330e-10 1.420e-09 1.760e-09 2.090e-09 2.230e-09 2.340e-09
2 20 3.540e-01 3.640e-01 3.700e-01 3.700e-01 3.660e-01 3.620e-01 3.560e-01
2 21 1.570e-01 1.650e-01 1.730e-01 1.750e-01 1.750e-01 1.740e-01 1.720e-01
2 22 4.000e-01 4.200e-01 4.360e-01 4.390e-01 4.380e-01 4.350e-01 4.290e-01
2 23 4.490e-08 1.430e-07 3.110e-07 4.070e-07 5.160e-07 5.680e-07 6.240e-07
2 24 1.050e-19 3.120e-19 1.360e-18 2.660e-18 5.260e-18 7.180e-18 1.000e-17
2 25 2.140e-05 4.120e-05 6.100e-05 6.820e-05 7.330e-05 7.430e-05 7.390e-05
2 26 1.360e+00 1.340e+00 1.300e+00 1.280e+00 1.250e+00 1.230e+00 1.210e+00
2 27 2.400e-04 2.540e-04 2.410e-04 2.260e-04 2.040e-04 1.910e-04 1.730e-04
2 28 3.270e-02 3.400e-02 3.530e-02 3.590e-02 3.650e-02 3.680e-02 3.700e-02
2 29 1.530e-01 1.420e-01 1.310e-01 1.260e-01 1.210e-01 1.180e-01 1.150e-01
2 30 2.260e-01 2.290e-01 2.270e-01 2.240e-01 2.200e-01 2.170e-01 2.140e-01
2 31 3.680e-01 3.630e-01 3.560e-01 3.500e-01 3.430e-01 3.390e-01 3.340e-01
2 32 2.900e-01 2.730e-01 2.560e-01 2.470e-01 2.360e-01 2.300e-01 2.230e-01
2 33 2.180e-01 2.090e-01 2.010e-01 1.980e-01 1.940e-01 1.910e-01 1.880e-01
2 34 4.750e-08 1.210e-07 2.200e-07 2.660e-07 3.100e-07 3.260e-07 3.380e-07
3 4 1.060e+00 1.180e+00 1.290e+00 1.330e+00 1.360e+00 1.370e+00 1.370e+00
3 5 2.390e-01 2.780e-01 3.120e-01 3.240e-01 3.330e-01 3.350e-01 3.340e-01
3 6 1.900e-01 1.820e-01 1.730e-01 1.690e-01 1.640e-01 1.620e-01 1.590e-01
3 7 1.850e-01 1.800e-01 1.780e-01 1.780e-01 1.790e-01 1.800e-01 1.810e-01
3 8 4.510e-01 4.380e-01 4.300e-01 4.270e-01 4.250e-01 4.250e-01 4.250e-01
3 9 5.050e-01 4.930e-01 4.860e-01 4.850e-01 4.840e-01 4.840e-01 4.850e-01
3 10 1.920e-01 1.860e-01 1.790e-01 1.760e-01 1.720e-01 1.700e-01 1.670e-01
3 11 8.070e-02 7.740e-02 7.410e-02 7.260e-02 7.080e-02 6.980e-02 6.890e-02
3 12 2.550e-01 2.500e-01 2.490e-01 2.490e-01 2.480e-01 2.480e-01 2.470e-01
3 13 3.850e-01 3.710e-01 3.620e-01 3.580e-01 3.510e-01 3.470e-01 3.410e-01
3 14 3.440e-01 3.320e-01 3.240e-01 3.200e-01 3.150e-01 3.120e-01 3.070e-01
3 15 1.850e-01 1.870e-01 1.870e-01 1.870e-01 1.870e-01 1.860e-01 1.860e-01
3 16 3.540e-01 3.630e-01 3.700e-01 3.730e-01 3.740e-01 3.730e-01 3.710e-01
3 17 3.630e-01 3.740e-01 3.830e-01 3.860e-01 3.880e-01 3.890e-01 3.880e-01
3 18 8.030e-01 8.160e-01 7.960e-01 7.750e-01 7.430e-01 7.230e-01 6.950e-01
3 19 2.840e-10 7.720e-10 1.480e-09 1.830e-09 2.180e-09 2.320e-09 2.430e-09
3 20 2.600e-01 2.680e-01 2.740e-01 2.740e-01 2.710e-01 2.680e-01 2.630e-01
3 21 1.740e-01 1.800e-01 1.840e-01 1.840e-01 1.820e-01 1.800e-01 1.770e-01
3 22 2.250e-01 2.360e-01 2.470e-01 2.500e-01 2.510e-01 2.500e-01 2.480e-01
3 23 4.180e-08 1.330e-07 2.910e-07 3.790e-07 4.800e-07 5.280e-07 5.780e-07
3 24 5.890e-20 1.700e-19 7.510e-19 1.500e-18 3.040e-18 4.190e-18 5.920e-18
3 25 1.710e-05 3.310e-05 4.930e-05 5.530e-05 5.960e-05 6.050e-05 6.030e-05
3 26 9.750e-01 9.620e-01 9.300e-01 9.130e-01 8.930e-01 8.820e-01 8.650e-01
3 27 1.900e-04 2.020e-04 1.930e-04 1.820e-04 1.650e-04 1.550e-04 1.410e-04
3 28 4.440e-02 4.090e-02 3.790e-02 3.660e-02 3.500e-02 3.420e-02 3.310e-02
3 29 1.250e-01 1.140e-01 1.050e-01 1.010e-01 9.630e-02 9.380e-02 9.070e-02
3 30 2.320e-01 2.270e-01 2.190e-01 2.140e-01 2.080e-01 2.040e-01 1.990e-01
3 31 1.790e-01 1.810e-01 1.790e-01 1.770e-01 1.740e-01 1.720e-01 1.690e-01
3 32 2.400e-01 2.320e-01 2.210e-01 2.150e-01 2.080e-01 2.030e-01 1.980e-01
3 33 1.200e-01 1.200e-01 1.200e-01 1.200e-01 1.200e-01 1.200e-01 1.190e-01
3 34 4.330e-08 1.100e-07 2.010e-07 2.430e-07 2.830e-07 2.970e-07 3.080e-07
4 5 4.160e-01 4.540e-01 4.930e-01 5.080e-01 5.200e-01 5.240e-01 5.240e-01
4 6 8.450e-02 8.060e-02 7.670e-02 7.490e-02 7.290e-02 7.180e-02 7.050e-02
4 7 3.580e-02 3.500e-02 3.480e-02 3.490e-02 3.530e-02 3.560e-02 3.620e-02
4 8 2.310e-01 2.260e-01 2.230e-01 2.220e-01 2.230e-01 2.230e-01 2.250e-01
4 9 4.170e-01 4.070e-01 4.010e-01 4.000e-01 3.990e-01 3.980e-01 3.980e-01
4 10 1.380e-01 1.320e-01 1.260e-01 1.230e-01 1.200e-01 1.180e-01 1.170e-01
4 11 5.530e-02 5.430e-02 5.280e-02 5.200e-02 5.090e-02 5.030e-02 4.970e-02
4 12 1.020e-01 1.010e-01 1.010e-01 1.020e-01 1.030e-01 1.030e-01 1.030e-01
4 13 2.170e-01 2.100e-01 2.070e-01 2.050e-01 2.030e-01 2.020e-01 1.990e-01
4 14 2.710e-01 2.610e-01 2.530e-01 2.490e-01 2.430e-01 2.390e-01 2.340e-01
4 15 5.540e-02 5.520e-02 5.490e-02 5.490e-02 5.480e-02 5.470e-02 5.460e-02
4 16 1.950e-01 1.980e-01 2.010e-01 2.020e-01 2.020e-01 2.020e-01 2.010e-01
4 17 2.900e-01 3.000e-01 3.100e-01 3.130e-01 3.150e-01 3.150e-01 3.150e-01
4 18 4.760e-01 4.850e-01 4.730e-01 4.610e-01 4.420e-01 4.300e-01 4.140e-01
4 19 3.510e-10 9.480e-10 1.820e-09 2.270e-09 2.730e-09 2.940e-09 3.140e-09
4 20 1.430e-01 1.490e-01 1.540e-01 1.550e-01 1.540e-01 1.530e-01 1.500e-01
4 21 1.390e-01 1.420e-01 1.440e-01 1.430e-01 1.400e-01 1.380e-01 1.350e-01
4 22 1.140e-01 1.210e-01 1.260e-01 1.280e-01 1.290e-01 1.290e-01 1.290e-01
4 23 2.240e-08 7.700e-08 2.100e-07 3.270e-07 5.270e-07 6.640e-07 8.600e-07
4 24 2.800e-20 8.640e-20 4.020e-19 8.120e-19 1.650e-18 2.270e-18 3.220e-18
4 25 6.920e-06 1.370e-05 2.100e-05 2.410e-05 2.680e-05 2.790e-05 2.870e-05
4 26 5.810e-01 5.730e-01 5.540e-01 5.450e-01 5.330e-01 5.260e-01 5.160e-01
4 27 7.650e-05 8.370e-05 8.360e-05 8.180e-05 7.860e-05 7.650e-05 7.350e-05
4 28 3.950e-02 3.440e-02 2.990e-02 2.780e-02 2.550e-02 2.430e-02 2.290e-02
4 29 7.410e-02 6.880e-02 6.440e-02 6.240e-02 6.010e-02 5.890e-02 5.740e-02
4 30 1.620e-01 1.540e-01 1.450e-01 1.400e-01 1.350e-01 1.310e-01 1.280e-01
4 31 7.060e-02 7.140e-02 7.070e-02 6.980e-02 6.850e-02 6.760e-02 6.640e-02
4 32 1.540e-01 1.540e-01 1.520e-01 1.500e-01 1.470e-01 1.450e-01 1.430e-01
4 33 5.990e-02 6.180e-02 6.370e-02 6.440e-02 6.520e-02 6.550e-02 6.580e-02
4 34 6.260e-07 1.560e-06 2.800e-06 3.370e-06 3.910e-06 4.100e-06 4.240e-06
5 6 2.310e-02 2.210e-02 2.110e-02 2.060e-02 2.010e-02 1.980e-02 1.940e-02
5 7 1.080e-03 1.100e-03 1.220e-03 1.310e-03 1.440e-03 1.520e-03 1.620e-03
5 8 6.700e-02 6.570e-02 6.530e-02 6.560e-02 6.620e-02 6.670e-02 6.770e-02
5 9 1.600e-01 1.560e-01 1.540e-01 1.530e-01 1.530e-01 1.530e-01 1.530e-01
5 10 5.010e-02 4.760e-02 4.530e-02 4.420e-02 4.310e-02 4.250e-02 4.180e-02
5 11 1.930e-02 1.920e-02 1.890e-02 1.860e-02 1.820e-02 1.800e-02 1.770e-02
5 12 2.630e-02 2.620e-02 2.650e-02 2.680e-02 2.720e-02 2.740e-02 2.750e-02
5 13 6.780e-02 6.620e-02 6.540e-02 6.530e-02 6.500e-02 6.480e-02 6.440e-02
5 14 1.030e-01 9.830e-02 9.500e-02 9.330e-02 9.080e-02 8.930e-02 8.720e-02
5 15 1.020e-02 1.010e-02 9.940e-03 9.910e-03 9.910e-03 9.910e-03 9.920e-03
5 16 5.960e-02 6.050e-02 6.120e-02 6.140e-02 6.150e-02 6.150e-02 6.140e-02
5 17 1.100e-01 1.140e-01 1.180e-01 1.190e-01 1.200e-01 1.200e-01 1.200e-01
5 18 1.710e-01 1.730e-01 1.670e-01 1.630e-01 1.560e-01 1.510e-01 1.450e-01
5 19 1.730e-10 4.660e-10 8.960e-10 1.120e-09 1.350e-09 1.460e-09 1.570e-09
5 20 4.350e-02 4.580e-02 4.780e-02 4.830e-02 4.820e-02 4.800e-02 4.730e-02
5 21 5.330e-02 5.400e-02 5.420e-02 5.380e-02 5.270e-02 5.190e-02 5.050e-02
5 22 3.540e-02 3.730e-02 3.910e-02 3.980e-02 4.020e-02 4.020e-02 4.010e-02
5 23 6.190e-09 2.340e-08 7.910e-08 1.390e-07 2.510e-07 3.320e-07 4.530e-07
5 24 7.960e-21 2.640e-20 1.310e-19 2.670e-19 5.470e-19 7.570e-19 1.070e-18
5 25 1.230e-06 2.540e-06 4.170e-06 5.020e-06 6.010e-06 6.520e-06 7.110e-06
5 26 2.080e-01 2.050e-01 1.970e-01 1.940e-01 1.890e-01 1.870e-01 1.830e-01
5 27 1.400e-05 1.610e-05 1.770e-05 1.860e-05 1.970e-05 2.040e-05 2.110e-05
5 28 1.580e-02 1.340e-02 1.130e-02 1.040e-02 9.340e-03 8.800e-03 8.150e-03
5 29 2.390e-02 2.250e-02 2.140e-02 2.090e-02 2.030e-02 2.000e-02 1.960e-02
5 30 5.710e-02 5.310e-02 4.930e-02 4.750e-02 4.530e-02 4.410e-02 4.270e-02
5 31 1.690e-02 1.700e-02 1.670e-02 1.650e-02 1.610e-02 1.580e-02 1.550e-02
5 32 5.260e-02 5.350e-02 5.370e-02 5.350e-02 5.300e-02 5.270e-02 5.230e-02
5 33 1.810e-02 1.900e-02 1.990e-02 2.020e-02 2.060e-02 2.080e-02 2.090e-02
5 34 4.080e-07 1.010e-06 1.820e-06 2.200e-06 2.540e-06 2.670e-06 2.760e-06
6 7 4.540e-01 4.240e-01 4.030e-01 3.960e-01 3.920e-01 3.910e-01 3.920e-01
6 8 2.400e-01 2.240e-01 2.130e-01 2.090e-01 2.070e-01 2.060e-01 2.050e-01
6 9 1.010e-01 9.590e-02 9.390e-02 9.380e-02 9.410e-02 9.420e-02 9.440e-02
6 10 1.260e+00 1.180e+00 1.100e+00 1.070e+00 1.020e+00 9.900e-01 9.510e-01
6 11 3.150e-01 2.980e-01 2.820e-01 2.730e-01 2.600e-01 2.530e-01 2.420e-01
6 12 9.960e-01 9.710e-01 9.420e-01 9.250e-01 9.030e-01 8.880e-01 8.680e-01
6 13 8.210e-01 7.960e-01 7.680e-01 7.530e-01 7.330e-01 7.210e-01 7.030e-01
6 14 6.250e-01 6.030e-01 5.790e-01 5.660e-01 5.490e-01 5.390e-01 5.250e-01
6 15 6.650e-01 6.370e-01 6.070e-01 5.920e-01 5.720e-01 5.610e-01 5.470e-01
6 16 4.330e-01 4.170e-01 3.990e-01 3.900e-01 3.780e-01 3.700e-01 3.600e-01
6 17 2.310e-01 2.240e-01 2.180e-01 2.140e-01 2.090e-01 2.060e-01 2.000e-01
6 18 4.920e-12 7.500e-11 5.240e-10 1.070e-09 2.090e-09 2.810e-09 3.850e-09
6 19 1.210e-02 1.280e-02 1.340e-02 1.370e-02 1.380e-02 1.380e-02 1.370e-02
6 20 4.280e-01 4.290e-01 4.230e-01 4.170e-01 4.050e-01 3.980e-01 3.860e-01
6 21 2.430e-01 2.420e-01 2.360e-01 2.320e-01 2.260e-01 2.210e-01 2.150e-01
6 22 6.330e-01 6.420e-01 6.370e-01 6.280e-01 6.100e-01 5.970e-01 5.780e-01
6 23 3.140e-01 3.330e-01 3.530e-01 3.630e-01 3.750e-01 3.810e-01 3.880e-01
6 24 1.290e-01 1.400e-01 1.470e-01 1.470e-01 1.470e-01 1.450e-01 1.430e-01
6 25 4.160e-01 4.450e-01 4.640e-01 4.690e-01 4.720e-01 4.720e-01 4.700e-01
6 26 1.410e-01 1.310e-01 1.160e-01 1.080e-01 9.770e-02 9.190e-02 8.460e-02
6 27 7.340e-01 6.760e-01 6.240e-01 6.010e-01 5.740e-01 5.600e-01 5.420e-01
6 28 9.600e-02 9.190e-02 8.760e-02 8.560e-02 8.320e-02 8.190e-02 8.040e-02
6 29 2.870e-01 2.670e-01 2.490e-01 2.410e-01 2.320e-01 2.270e-01 2.210e-01
6 30 1.330e-01 1.290e-01 1.220e-01 1.170e-01 1.100e-01 1.060e-01 1.000e-01
6 31 4.400e-01 4.200e-01 3.930e-01 3.770e-01 3.570e-01 3.440e-01 3.280e-01
6 32 2.630e-01 2.520e-01 2.360e-01 2.270e-01 2.140e-01 2.060e-01 1.960e-01
6 33 5.680e-01 5.070e-01 4.550e-01 4.340e-01 4.090e-01 3.970e-01 3.810e-01
6 34 1.600e-01 1.590e-01 1.570e-01 1.560e-01 1.550e-01 1.550e-01 1.530e-01
7 8 2.970e+00 2.920e+00 2.840e+00 2.790e+00 2.710e+00 2.660e+00 2.590e+00
7 9 3.770e-01 3.780e-01 3.790e-01 3.790e-01 3.770e-01 3.750e-01 3.700e-01
7 10 0.000e+00 0.000e+00 0.000e+00 0.000e+00 0.000e+00 0.000e+00 0.000e+00
7 11 0.000e+00 0.000e+00 0.000e+00 0.000e+00 0.000e+00 0.000e+00 0.000e+00
7 12 2.130e+00 1.990e+00 1.850e+00 1.780e+00 1.700e+00 1.650e+00 1.590e+00
7 13 7.770e-01 7.220e-01 6.670e-01 6.400e-01 6.080e-01 5.910e-01 5.700e-01
7 14 9.940e-02 9.490e-02 9.050e-02 8.840e-02 8.580e-02 8.430e-02 8.230e-02
7 15 2.800e+00 2.760e+00 2.720e+00 2.700e+00 2.670e+00 2.640e+00 2.610e+00
7 16 1.180e+00 1.200e+00 1.200e+00 1.200e+00 1.190e+00 1.180e+00 1.160e+00
7 17 2.770e-01 2.820e-01 2.900e-01 2.940e-01 2.970e-01 2.980e-01 2.970e-01
7 18 1.310e-15 1.980e-14 1.370e-13 2.780e-13 5.430e-13 7.290e-13 9.930e-13
7 19 1.790e+00 1.880e+00 1.960e+00 1.990e+00 2.020e+00 2.030e+00 2.040e+00
7 20 1.290e-01 1.440e-01 1.560e-01 1.600e-01 1.620e-01 1.620e-01 1.610e-01
7 21 2.470e-02 2.790e-02 3.030e-02 3.100e-02 3.130e-02 3.120e-02 3.090e-02
7 22 4.810e-01 5.750e-01 6.620e-01 6.920e-01 7.130e-01 7.170e-01 7.140e-01
7 23 7.180e-01 7.340e-01 7.370e-01 7.340e-01 7.280e-01 7.220e-01 7.130e-01
7 24 2.090e-03 2.870e-03 3.570e-03 3.860e-03 4.110e-03 4.210e-03 4.290e-03
7 25 1.840e-01 2.020e-01 2.170e-01 2.230e-01 2.280e-01 2.290e-01 2.300e-01
7 26 2.760e-02 2.640e-02 2.430e-02 2.310e-02 2.170e-02 2.080e-02 1.970e-02
7 27 6.620e-01 6.430e-01 6.170e-01 6.020e-01 5.830e-01 5.720e-01 5.580e-01
7 28 5.240e-03 5.040e-03 4.780e-03 4.630e-03 4.410e-03 4.280e-03 4.100e-03
7 29 7.130e-02 6.750e-02 6.400e-02 6.250e-02 6.070e-02 5.970e-02 5.840e-02
7 30 8.260e-02 8.130e-02 7.800e-02 7.560e-02 7.220e-02 7.010e-02 6.720e-02
7 31 1.650e+00 1.610e+00 1.550e+00 1.520e+00 1.470e+00 1.440e+00 1.400e+00
7 32 4.820e-01 4.670e-01 4.460e-01 4.330e-01 4.150e-01 4.050e-01 3.900e-01
7 33 3.610e-01 3.380e-01 3.170e-01 3.070e-01 2.960e-01 2.890e-01 2.800e-01
7 34 8.660e-01 8.470e-01 8.240e-01 8.070e-01 7.820e-01 7.660e-01 7.430e-01
8 9 3.100e+00 3.100e+00 3.070e+00 3.040e+00 2.970e+00 2.930e+00 2.860e+00
8 10 0.000e+00 0.000e+00 0.000e+00 0.000e+00 0.000e+00 0.000e+00 0.000e+00
8 11 0.000e+00 0.000e+00 0.000e+00 0.000e+00 0.000e+00 0.000e+00 0.000e+00
8 12 9.420e-01 8.780e-01 8.140e-01 7.830e-01 7.460e-01 7.260e-01 7.020e-01
8 13 9.250e-01 8.800e-01 8.370e-01 8.160e-01 7.880e-01 7.720e-01 7.510e-01
8 14 7.080e-01 6.660e-01 6.260e-01 6.070e-01 5.840e-01 5.720e-01 5.560e-01
8 15 1.260e+00 1.270e+00 1.280e+00 1.270e+00 1.260e+00 1.250e+00 1.240e+00
8 16 1.600e+00 1.650e+00 1.690e+00 1.700e+00 1.700e+00 1.690e+00 1.670e+00
8 17 1.070e+00 1.100e+00 1.120e+00 1.130e+00 1.120e+00 1.120e+00 1.100e+00
8 18 5.320e-13 7.090e-12 4.490e-11 8.820e-11 1.670e-10 2.200e-10 2.950e-10
8 19 1.620e+00 1.710e+00 1.780e+00 1.800e+00 1.820e+00 1.820e+00 1.820e+00
8 20 2.520e-01 3.050e-01 3.560e-01 3.730e-01 3.860e-01 3.880e-01 3.870e-01
8 21 1.060e-01 1.170e-01 1.270e-01 1.300e-01 1.320e-01 1.320e-01 1.310e-01
8 22 2.100e-01 2.410e-01 2.670e-01 2.760e-01 2.820e-01 2.820e-01 2.810e-01
8 23 6.420e-01 6.520e-01 6.520e-01 6.500e-01 6.440e-01 6.390e-01 6.310e-01
8 24 1.770e-03 2.420e-03 3.010e-03 3.240e-03 3.450e-03 3.530e-03 3.580e-03
8 25 1.580e-01 1.730e-01 1.870e-01 1.920e-01 1.960e-01 1.980e-01 1.980e-01
8 26 2.510e-02 2.400e-02 2.230e-02 2.140e-02 2.030e-02 1.980e-02 1.900e-02
8 27 6.170e-01 5.960e-01 5.690e-01 5.540e-01 5.350e-01 5.240e-01 5.100e-01
8 28 4.600e-02 4.390e-02 4.170e-02 4.080e-02 3.960e-02 3.900e-02 3.820e-02
8 29 1.450e-01 1.360e-01 1.270e-01 1.230e-01 1.180e-01 1.150e-01 1.110e-01
8 30 4.880e-01 4.740e-01 4.520e-01 4.380e-01 4.200e-01 4.090e-01 3.940e-01
8 31 6.340e-01 6.200e-01 5.940e-01 5.770e-01 5.530e-01 5.380e-01 5.180e-01
8 32 8.450e-01 8.320e-01 8.090e-01 7.940e-01 7.720e-01 7.580e-01 7.400e-01
8 33 1.840e-01 1.740e-01 1.640e-01 1.590e-01 1.540e-01 1.510e-01 1.470e-01
8 34 7.310e-01 7.160e-01 6.970e-01 6.840e-01 6.640e-01 6.500e-01 6.320e-01
9 10 0.000e+00 0.000e+00 0.000e+00 0.000e+00 0.000e+00 0.000e+00 0.000e+00
9 11 0.000e+00 0.000e+00 0.000e+00 0.000e+00 0.000e+00 0.000e+00 0.000e+00
9 12 2.000e-01 1.900e-01 1.800e-01 1.750e-01 1.700e-01 1.670e-01 1.620e-01
9 13 8.760e-01 8.250e-01 7.780e-01 7.550e-01 7.280e-01 7.130e-01 6.930e-01
9 14 1.040e+00 9.880e-01 9.410e-01 9.180e-01 8.890e-01 8.720e-01 8.480e-01
9 15 3.430e-01 3.570e-01 3.750e-01 3.820e-01 3.880e-01 3.900e-01 3.900e-01
9 16 1.170e+00 1.210e+00 1.230e+00 1.240e+00 1.230e+00 1.230e+00 1.210e+00
9 17 1.800e+00 1.880e+00 1.940e+00 1.960e+00 1.960e+00 1.950e+00 1.920e+00
9 18 7.950e-13 1.060e-11 6.710e-11 1.320e-10 2.490e-10 3.290e-10 4.400e-10
9 19 1.390e+00 1.460e+00 1.510e+00 1.530e+00 1.540e+00 1.540e+00 1.540e+00
9 20 1.900e-01 2.170e-01 2.410e-01 2.490e-01 2.540e-01 2.550e-01 2.530e-01
9 21 2.160e-01 2.590e-01 2.990e-01 3.130e-01 3.230e-01 3.250e-01 3.230e-01
9 22 7.440e-02 8.390e-02 9.160e-02 9.390e-02 9.500e-02 9.480e-02 9.390e-02
9 23 5.400e-01 5.470e-01 5.480e-01 5.460e-01 5.420e-01 5.380e-01 5.320e-01
9 24 1.450e-03 1.980e-03 2.450e-03 2.630e-03 2.790e-03 2.840e-03 2.880e-03
9 25 1.310e-01 1.440e-01 1.550e-01 1.600e-01 1.630e-01 1.640e-01 1.650e-01
9 26 2.400e-02 2.270e-02 2.090e-02 1.990e-02 1.890e-02 1.830e-02 1.750e-02
9 27 5.410e-01 5.200e-01 4.950e-01 4.820e-01 4.650e-01 4.550e-01 4.430e-01
9 28 7.720e-02 7.230e-02 6.760e-02 6.530e-02 6.260e-02 6.110e-02 5.910e-02
9 29 1.600e-01 1.510e-01 1.420e-01 1.380e-01 1.330e-01 1.300e-01 1.270e-01
9 30 9.760e-01 9.610e-01 9.310e-01 9.110e-01 8.830e-01 8.660e-01 8.420e-01
9 31 1.460e-01 1.420e-01 1.350e-01 1.310e-01 1.260e-01 1.220e-01 1.180e-01
9 32 6.230e-01 6.060e-01 5.810e-01 5.650e-01 5.430e-01 5.300e-01 5.120e-01
9 33 7.580e-02 7.180e-02 6.800e-02 6.610e-02 6.390e-02 6.270e-02 6.110e-02
9 34 5.950e-01 5.820e-01 5.670e-01 5.570e-01 5.420e-01 5.310e-01 5.160e-01
10 11 4.460e-01 4.080e-01 3.770e-01 3.650e-01 3.500e-01 3.420e-01 3.310e-01
10 12 6.500e-01 6.280e-01 6.030e-01 5.890e-01 5.710e-01 5.600e-01 5.460e-01
10 13 5.030e-01 4.890e-01 4.720e-01 4.630e-01 4.500e-01 4.420e-01 4.310e-01
10 14 3.130e-01 3.080e-01 3.020e-01 2.990e-01 2.940e-01 2.910e-01 2.860e-01
10 15 2.660e-01 2.540e-01 2.420e-01 2.350e-01 2.260e-01 2.210e-01 2.140e-01
10 16 2.350e-01 2.310e-01 2.280e-01 2.250e-01 2.220e-01 2.190e-01 2.160e-01
10 17 3.040e-01 2.980e-01 2.900e-01 2.840e-01 2.770e-01 2.720e-01 2.640e-01
10 18 1.480e-11 2.250e-10 1.570e-09 3.200e-09 6.280e-09 8.440e-09 1.150e-08
10 19 7.980e-03 9.020e-03 1.010e-02 1.040e-02 1.070e-02 1.080e-02 1.070e-02
10 20 2.620e-01 2.650e-01 2.620e-01 2.580e-01 2.500e-01 2.440e-01 2.360e-01
10 21 1.730e-01 1.750e-01 1.740e-01 1.720e-01 1.670e-01 1.640e-01 1.590e-01
10 22 3.500e-01 3.490e-01 3.420e-01 3.370e-01 3.270e-01 3.210e-01 3.120e-01
10 23 1.900e-01 2.020e-01 2.140e-01 2.200e-01 2.270e-01 2.310e-01 2.350e-01
10 24 7.720e-02 8.410e-02 8.800e-02 8.850e-02 8.790e-02 8.710e-02 8.570e-02
10 25 2.830e-01 2.950e-01 3.000e-01 3.000e-01 2.990e-01 2.980e-01 2.950e-01
10 26 7.950e-02 7.440e-02 6.670e-02 6.220e-02 5.650e-02 5.320e-02 4.910e-02
10 27 4.430e-01 4.080e-01 3.760e-01 3.620e-01 3.460e-01 3.380e-01 3.270e-01
10 28 6.380e-02 5.530e-02 4.830e-02 4.520e-02 4.200e-02 4.030e-02 3.830e-02
10 29 2.170e-01 1.950e-01 1.760e-01 1.680e-01 1.590e-01 1.550e-01 1.490e-01
10 30 1.830e-01 1.760e-01 1.640e-01 1.580e-01 1.480e-01 1.430e-01 1.360e-01
10 31 1.620e-01 1.560e-01 1.470e-01 1.410e-01 1.330e-01 1.280e-01 1.210e-01
10 32 1.680e-01 1.630e-01 1.540e-01 1.480e-01 1.400e-01 1.360e-01 1.290e-01
10 33 2.850e-01 2.650e-01 2.470e-01 2.390e-01 2.300e-01 2.250e-01 2.190e-01
10 34 9.620e-02 9.550e-02 9.480e-02 9.450e-02 9.400e-02 9.360e-02 9.300e-02
11 12 2.370e-01 2.270e-01 2.160e-01 2.110e-01 2.030e-01 1.990e-01 1.930e-01
11 13 1.430e-01 1.400e-01 1.370e-01 1.360e-01 1.340e-01 1.320e-01 1.300e-01
11 14 1.100e-01 1.080e-01 1.060e-01 1.050e-01 1.030e-01 1.010e-01 9.930e-02
11 15 3.980e-02 3.860e-02 3.790e-02 3.760e-02 3.730e-02 3.690e-02 3.640e-02
11 16 1.350e-01 1.320e-01 1.270e-01 1.240e-01 1.200e-01 1.170e-01 1.130e-01
11 17 9.460e-02 9.380e-02 9.310e-02 9.240e-02 9.100e-02 9.000e-02 8.840e-02
11 18 8.880e-20 1.060e-18 6.510e-18 1.280e-17 2.410e-17 3.200e-17 4.300e-17
11 19 3.110e-03 3.900e-03 4.700e-03 5.000e-03 5.210e-03 5.260e-03 5.240e-03
11 20 9.680e-02 9.800e-02 9.740e-02 9.620e-02 9.380e-02 9.210e-02 8.960e-02
11 21 5.780e-02 5.950e-02 5.930e-02 5.820e-02 5.620e-02 5.480e-02 5.270e-02
11 22 1.090e-01 1.080e-01 1.050e-01 1.040e-01 1.010e-01 9.880e-02 9.600e-02
11 23 6.370e-02 6.760e-02 7.180e-02 7.390e-02 7.620e-02 7.750e-02 7.890e-02
11 24 2.570e-02 2.800e-02 2.930e-02 2.950e-02 2.930e-02 2.900e-02 2.860e-02
11 25 9.970e-02 1.030e-01 1.040e-01 1.030e-01 1.020e-01 1.020e-01 1.010e-01
11 26 2.870e-02 2.660e-02 2.370e-02 2.210e-02 2.000e-02 1.890e-02 1.740e-02
11 27 1.480e-01 1.360e-01 1.260e-01 1.210e-01 1.160e-01 1.130e-01 1.090e-01
11 28 3.370e-02 2.930e-02 2.590e-02 2.450e-02 2.290e-02 2.200e-02 2.090e-02
11 29 6.370e-02 5.520e-02 4.810e-02 4.520e-02 4.190e-02 4.030e-02 3.830e-02
11 30 6.120e-02 5.860e-02 5.540e-02 5.350e-02 5.090e-02 4.940e-02 4.740e-02
11 31 3.110e-02 3.040e-02 2.860e-02 2.750e-02 2.580e-02 2.490e-02 2.360e-02
11 32 8.130e-02 7.780e-02 7.260e-02 6.940e-02 6.520e-02 6.270e-02 5.950e-02
11 33 9.420e-02 9.010e-02 8.590e-02 8.390e-02 8.160e-02 8.040e-02 7.890e-02
11 34 3.210e-02 3.190e-02 3.170e-02 3.160e-02 3.150e-02 3.140e-02 3.120e-02
12 13 1.230e+00 1.240e+00 1.250e+00 1.250e+00 1.240e+00 1.230e+00 1.210e+00
12 14 2.830e-01 2.860e-01 2.920e-01 2.950e-01 2.950e-01 2.940e-01 2.910e-01
12 15 1.670e+00 1.680e+00 1.710e+00 1.720e+00 1.720e+00 1.720e+00 1.690e+00
12 16 7.560e-01 7.610e-01 7.740e-01 7.790e-01 7.800e-01 7.770e-01 7.690e-01
12 17 2.120e-01 2.130e-01 2.160e-01 2.170e-01 2.170e-01 2.160e-01 2.140e-01
12 18 3.590e-13 4.840e-12 3.090e-11 6.090e-11 1.150e-10 1.530e-10 2.050e-10
12 19 5.480e-01 5.430e-01 5.380e-01 5.380e-01 5.400e-01 5.430e-01 5.470e-01
12 20 5.330e-01 5.390e-01 5.390e-01 5.360e-01 5.290e-01 5.240e-01 5.140e-01
12 21 1.660e-01 1.670e-01 1.660e-01 1.640e-01 1.610e-01 1.580e-01 1.550e-01
12 22 1.230e+00 1.250e+00 1.250e+00 1.250e+00 1.230e+00 1.210e+00 1.190e+00
12 23 8.750e-01 8.920e-01 9.080e-01 9.150e-01 9.220e-01 9.260e-01 9.290e-01
12 24 6.380e-02 6.500e-02 6.590e-02 6.600e-02 6.560e-02 6.520e-02 6.430e-02
12 25 6.300e-01 6.560e-01 6.720e-01 6.760e-01 6.760e-01 6.740e-01 6.690e-01
12 26 1.220e-01 1.240e-01 1.210e-01 1.170e-01 1.100e-01 1.060e-01 9.980e-02
12 27 5.560e-01 5.630e-01 5.650e-01 5.640e-01 5.590e-01 5.550e-01 5.470e-01
12 28 5.320e-02 5.320e-02 5.320e-02 5.310e-02 5.280e-02 5.240e-02 5.190e-02
12 29 1.520e-01 1.510e-01 1.500e-01 1.500e-01 1.480e-01 1.470e-01 1.450e-01
12 30 1.310e-01 1.300e-01 1.270e-01 1.250e-01 1.220e-01 1.200e-01 1.180e-01
12 31 1.170e+00 1.130e+00 1.090e+00 1.070e+00 1.040e+00 1.020e+00 9.940e-01
12 32 4.400e-01 4.280e-01 4.140e-01 4.050e-01 3.940e-01 3.870e-01 3.770e-01
12 33 4.530e-01 4.430e-01 4.270e-01 4.160e-01 4.010e-01 3.920e-01 3.780e-01
12 34 3.610e-01 3.700e-01 3.790e-01 3.810e-01 3.790e-01 3.760e-01 3.690e-01
13 14 1.050e+00 1.070e+00 1.100e+00 1.100e+00 1.110e+00 1.110e+00 1.100e+00
13 15 6.740e-01 6.760e-01 6.850e-01 6.890e-01 6.890e-01 6.860e-01 6.780e-01
13 16 7.620e-01 7.820e-01 8.130e-01 8.260e-01 8.320e-01 8.310e-01 8.220e-01
13 17 6.660e-01 6.780e-01 6.990e-01 7.080e-01 7.130e-01 7.130e-01 7.080e-01
13 18 2.530e-12 3.420e-11 2.200e-10 4.340e-10 8.240e-10 1.090e-09 1.470e-09
13 19 4.360e-01 4.370e-01 4.400e-01 4.420e-01 4.450e-01 4.470e-01 4.510e-01
13 20 5.840e-01 5.910e-01 5.910e-01 5.860e-01 5.760e-01 5.690e-01 5.580e-01
13 21 3.760e-01 3.810e-01 3.820e-01 3.800e-01 3.760e-01 3.720e-01 3.660e-01
13 22 6.240e-01 6.310e-01 6.320e-01 6.280e-01 6.190e-01 6.120e-01 6.010e-01
13 23 6.910e-01 7.050e-01 7.190e-01 7.260e-01 7.330e-01 7.360e-01 7.390e-01
13 24 4.960e-02 5.060e-02 5.120e-02 5.130e-02 5.100e-02 5.070e-02 5.000e-02
13 25 4.610e-01 4.900e-01 5.110e-01 5.170e-01 5.200e-01 5.200e-01 5.180e-01
13 26 9.600e-02 9.860e-02 9.700e-02 9.470e-02 9.070e-02 8.780e-02 8.370e-02
13 27 4.770e-01 4.740e-01 4.680e-01 4.640e-01 4.580e-01 4.530e-01 4.450e-01
13 28 4.580e-02 4.480e-02 4.380e-02 4.310e-02 4.210e-02 4.140e-02 4.030e-02
13 29 2.180e-01 2.120e-01 2.050e-01 2.000e-01 1.930e-01 1.890e-01 1.830e-01
13 30 3.990e-01 3.880e-01 3.740e-01 3.660e-01 3.540e-01 3.470e-01 3.380e-01
13 31 4.370e-01 4.250e-01 4.110e-01 4.030e-01 3.920e-01 3.850e-01 3.750e-01
13 32 5.940e-01 5.800e-01 5.630e-01 5.520e-01 5.360e-01 5.260e-01 5.130e-01
13 33 2.490e-01 2.450e-01 2.400e-01 2.370e-01 2.320e-01 2.280e-01 2.230e-01
13 34 2.830e-01 2.910e-01 2.980e-01 3.000e-01 2.990e-01 2.960e-01 2.910e-01
14 15 1.570e-01 1.580e-01 1.600e-01 1.610e-01 1.610e-01 1.600e-01 1.590e-01
14 16 5.860e-01 5.960e-01 6.140e-01 6.210e-01 6.260e-01 6.260e-01 6.220e-01
14 17 7.750e-01 7.990e-01 8.370e-01 8.530e-01 8.650e-01 8.660e-01 8.620e-01
14 18 3.260e-12 4.480e-11 2.910e-10 5.780e-10 1.100e-09 1.470e-09 1.980e-09
14 19 3.120e-01 3.130e-01 3.140e-01 3.160e-01 3.180e-01 3.200e-01 3.220e-01
14 20 4.760e-01 4.820e-01 4.830e-01 4.810e-01 4.750e-01 4.710e-01 4.630e-01
14 21 4.210e-01 4.270e-01 4.280e-01 4.260e-01 4.200e-01 4.160e-01 4.090e-01
14 22 2.510e-01 2.540e-01 2.530e-01 2.510e-01 2.470e-01 2.440e-01 2.390e-01
14 23 4.990e-01 5.100e-01 5.210e-01 5.260e-01 5.310e-01 5.340e-01 5.360e-01
14 24 3.540e-02 3.610e-02 3.660e-02 3.670e-02 3.650e-02 3.620e-02 3.570e-02
14 25 3.120e-01 3.380e-01 3.560e-01 3.620e-01 3.660e-01 3.670e-01 3.660e-01
14 26 6.760e-02 7.000e-02 6.950e-02 6.820e-02 6.560e-02 6.370e-02 6.100e-02
14 27 3.650e-01 3.580e-01 3.500e-01 3.450e-01 3.390e-01 3.350e-01 3.280e-01
14 28 7.930e-02 7.660e-02 7.260e-02 7.020e-02 6.690e-02 6.480e-02 6.210e-02
14 29 1.460e-01 1.420e-01 1.370e-01 1.330e-01 1.280e-01 1.250e-01 1.210e-01
14 30 5.580e-01 5.450e-01 5.280e-01 5.170e-01 5.010e-01 4.910e-01 4.770e-01
14 31 1.290e-01 1.270e-01 1.240e-01 1.220e-01 1.190e-01 1.170e-01 1.150e-01
14 32 3.940e-01 3.830e-01 3.690e-01 3.600e-01 3.490e-01 3.420e-01 3.330e-01
14 33 1.560e-01 1.550e-01 1.540e-01 1.530e-01 1.510e-01 1.490e-01 1.470e-01
14 34 2.030e-01 2.090e-01 2.150e-01 2.160e-01 2.160e-01 2.140e-01 2.110e-01
15 16 1.760e+00 1.760e+00 1.750e+00 1.730e+00 1.700e+00 1.680e+00 1.640e+00
15 17 2.820e-01 2.870e-01 2.950e-01 2.970e-01 2.960e-01 2.940e-01 2.880e-01
15 18 8.820e-14 1.240e-12 8.120e-12 1.620e-11 3.100e-11 4.120e-11 5.570e-11
15 19 1.020e+00 1.040e+00 1.050e+00 1.060e+00 1.070e+00 1.070e+00 1.060e+00
15 20 4.620e-01 4.750e-01 4.820e-01 4.810e-01 4.770e-01 4.720e-01 4.640e-01
15 21 1.900e-01 1.940e-01 1.960e-01 1.960e-01 1.950e-01 1.940e-01 1.920e-01
15 22 1.220e+00 1.260e+00 1.300e+00 1.300e+00 1.290e+00 1.290e+00 1.270e+00
15 23 8.470e-01 8.580e-01 8.690e-01 8.730e-01 8.730e-01 8.720e-01 8.670e-01
15 24 9.480e-02 9.700e-02 9.720e-02 9.690e-02 9.640e-02 9.610e-02 9.560e-02
15 25 5.100e-01 4.940e-01 4.710e-01 4.580e-01 4.430e-01 4.340e-01 4.220e-01
15 26 1.660e-01 1.630e-01 1.530e-01 1.460e-01 1.370e-01 1.310e-01 1.230e-01
15 27 7.580e-01 7.540e-01 7.440e-01 7.370e-01 7.260e-01 7.190e-01 7.090e-01
15 28 4.140e-02 3.750e-02 3.370e-02 3.180e-02 2.950e-02 2.830e-02 2.670e-02
15 29 1.850e-01 1.770e-01 1.680e-01 1.630e-01 1.560e-01 1.520e-01 1.460e-01
15 30 1.680e-01 1.720e-01 1.670e-01 1.610e-01 1.520e-01 1.460e-01 1.380e-01
15 31 1.610e+00 1.600e+00 1.540e+00 1.500e+00 1.440e+00 1.410e+00 1.360e+00
15 32 5.670e-01 5.610e-01 5.400e-01 5.240e-01 5.010e-01 4.870e-01 4.690e-01
15 33 5.570e-01 5.410e-01 5.220e-01 5.100e-01 4.920e-01 4.810e-01 4.650e-01
15 34 7.850e-01 7.980e-01 8.060e-01 8.040e-01 7.950e-01 7.880e-01 7.750e-01
16 17 1.650e+00 1.670e+00 1.670e+00 1.670e+00 1.640e+00 1.620e+00 1.590e+00
16 18 4.680e-13 6.530e-12 4.270e-11 8.500e-11 1.630e-10 2.160e-10 2.920e-10
16 19 8.200e-01 8.320e-01 8.460e-01 8.520e-01 8.570e-01 8.580e-01 8.560e-01
16 20 7.650e-01 7.920e-01 8.100e-01 8.120e-01 8.090e-01 8.040e-01 7.940e-01
16 21 2.950e-01 3.040e-01 3.090e-01 3.090e-01 3.050e-01 3.010e-01 2.940e-01
16 22 6.380e-01 6.600e-01 6.720e-01 6.720e-01 6.660e-01 6.590e-01 6.480e-01
16 23 7.090e-01 7.190e-01 7.300e-01 7.340e-01 7.350e-01 7.340e-01 7.310e-01
16 24 7.760e-02 7.930e-02 7.950e-02 7.920e-02 7.870e-02 7.840e-02 7.800e-02
16 25 4.200e-01 4.080e-01 3.900e-01 3.800e-01 3.670e-01 3.590e-01 3.500e-01
16 26 1.560e-01 1.510e-01 1.420e-01 1.360e-01 1.280e-01 1.240e-01 1.170e-01
16 27 6.930e-01 6.770e-01 6.570e-01 6.460e-01 6.320e-01 6.240e-01 6.130e-01
16 28 8.710e-02 8.620e-02 8.440e-02 8.280e-02 8.010e-02 7.830e-02 7.560e-02
16 29 2.220e-01 2.140e-01 2.050e-01 2.000e-01 1.930e-01 1.880e-01 1.820e-01
16 30 5.820e-01 5.830e-01 5.630e-01 5.460e-01 5.210e-01 5.050e-01 4.840e-01
16 31 7.300e-01 7.380e-01 7.140e-01 6.920e-01 6.590e-01 6.380e-01 6.100e-01
16 32 9.020e-01 9.030e-01 8.750e-01 8.510e-01 8.160e-01 7.940e-01 7.640e-01
16 33 3.330e-01 3.230e-01 3.100e-01 3.030e-01 2.910e-01 2.840e-01 2.730e-01
16 34 6.440e-01 6.550e-01 6.620e-01 6.610e-01 6.550e-01 6.490e-01 6.390e-01
17 18 2.230e-11 2.750e-10 1.640e-09 3.140e-09 5.780e-09 7.550e-09 9.980e-09
17 19 6.260e-01 6.310e-01 6.390e-01 6.440e-01 6.470e-01 6.480e-01 6.470e-01
17 20 4.720e-01 4.890e-01 4.980e-01 4.980e-01 4.920e-01 4.870e-01 4.780e-01
17 21 5.390e-01 5.600e-01 5.730e-01 5.750e-01 5.720e-01 5.680e-01 5.610e-01
17 22 3.310e-01 3.410e-01 3.460e-01 3.450e-01 3.420e-01 3.390e-01 3.340e-01
17 23 5.610e-01 5.700e-01 5.800e-01 5.830e-01 5.850e-01 5.840e-01 5.820e-01
17 24 6.030e-02 6.170e-02 6.180e-02 6.160e-02 6.120e-02 6.090e-02 6.050e-02
17 25 3.270e-01 3.180e-01 3.040e-01 2.960e-01 2.860e-01 2.800e-01 2.730e-01
17 26 1.140e-01 1.120e-01 1.060e-01 1.020e-01 9.730e-02 9.400e-02 8.930e-02
17 27 5.710e-01 5.530e-01 5.330e-01 5.220e-01 5.090e-01 5.020e-01 4.920e-01
17 28 8.900e-02 8.690e-02 8.440e-02 8.290e-02 8.060e-02 7.910e-02 7.690e-02
17 29 2.280e-01 2.240e-01 2.190e-01 2.150e-01 2.080e-01 2.040e-01 1.970e-01
17 30 9.790e-01 9.860e-01 9.550e-01 9.270e-01 8.860e-01 8.610e-01 8.260e-01
17 31 1.580e-01 1.560e-01 1.500e-01 1.450e-01 1.390e-01 1.360e-01 1.300e-01
17 32 6.330e-01 6.290e-01 6.060e-01 5.880e-01 5.630e-01 5.470e-01 5.260e-01
17 33 1.720e-01 1.640e-01 1.560e-01 1.510e-01 1.450e-01 1.410e-01 1.350e-01
17 34 5.000e-01 5.080e-01 5.130e-01 5.130e-01 5.080e-01 5.040e-01 4.970e-01
18 19 0.000e+00 0.000e+00 0.000e+00 0.000e+00 0.000e+00 0.000e+00 0.000e+00
18 20 1.100e-11 1.480e-10 9.500e-10 1.880e-09 3.570e-09 4.740e-09 6.370e-09
18 21 1.200e-11 1.620e-10 1.030e-09 2.040e-09 3.870e-09 5.130e-09 6.890e-09
18 22 1.580e-12 2.170e-11 1.410e-10 2.790e-10 5.330e-10 7.080e-10 9.540e-10
18 23 0.000e+00 0.000e+00 0.000e+00 0.000e+00 0.000e+00 0.000e+00 0.000e+00
18 24 0.000e+00 0.000e+00 0.000e+00 0.000e+00 0.000e+00 0.000e+00 0.000e+00
18 25 0.000e+00 0.000e+00 0.000e+00 0.000e+00 0.000e+00 0.000e+00 0.000e+00
18 26 1.090e+01 9.830e+00 8.760e+00 8.280e+00 7.760e+00 7.500e+00 7.160e+00
18 27 0.000e+00 0.000e+00 0.000e+00 0.000e+00 0.000e+00 0.000e+00 0.000e+00
18 28 6.280e-17 1.130e-16 1.640e-16 1.830e-16 1.990e-16 2.030e-16 2.040e-16
18 29 1.210e-08 3.380e-08 6.630e-08 8.280e-08 9.920e-08 1.060e-07 1.120e-07
18 30 6.830e-10 1.790e-09 3.340e-09 4.090e-09 4.800e-09 5.080e-09 5.290e-09
18 31 4.750e-11 1.390e-10 2.820e-10 3.560e-10 4.320e-10 4.630e-10 4.910e-10
18 32 4.210e-10 1.130e-09 2.150e-09 2.640e-09 3.130e-09 3.320e-09 3.480e-09
18 33 4.030e-09 1.130e-08 2.210e-08 2.760e-08 3.310e-08 3.530e-08 3.720e-08
18 34 0.000e+00 0.000e+00 0.000e+00 0.000e+00 0.000e+00 0.000e+00 0.000e+00
19 20 1.650e-01 1.700e-01 1.750e-01 1.780e-01 1.800e-01 1.810e-01 1.820e-01
19 21 9.750e-02 9.950e-02 1.020e-01 1.030e-01 1.050e-01 1.050e-01 1.060e-01
19 22 2.380e-01 2.470e-01 2.570e-01 2.610e-01 2.640e-01 2.660e-01 2.670e-01
19 23 1.320e+00 1.400e+00 1.480e+00 1.510e+00 1.530e+00 1.520e+00 1.510e+00
19 24 1.030e-02 1.370e-02 1.640e-02 1.730e-02 1.790e-02 1.800e-02 1.790e-02
19 25 2.430e-01 2.800e-01 3.120e-01 3.230e-01 3.300e-01 3.310e-01 3.290e-01
19 26 1.480e-10 3.340e-10 1.040e-09 1.680e-09 2.670e-09 3.280e-09 4.040e-09
19 27 7.130e-01 7.760e-01 8.150e-01 8.210e-01 8.160e-01 8.070e-01 7.920e-01
19 28 3.070e-03 3.060e-03 3.150e-03 3.220e-03 3.270e-03 3.290e-03 3.290e-03
19 29 8.890e-03 8.900e-03 9.190e-03 9.380e-03 9.560e-03 9.620e-03 9.610e-03
19 30 3.070e-01 3.040e-01 3.000e-01 2.980e-01 2.950e-01 2.920e-01 2.890e-01
19 31 5.200e-01 5.170e-01 5.120e-01 5.090e-01 5.040e-01 5.010e-01 4.950e-01
19 32 4.190e-01 4.150e-01 4.110e-01 4.080e-01 4.040e-01 4.010e-01 3.960e-01
19 33 1.380e-02 1.390e-02 1.440e-02 1.480e-02 1.510e-02 1.520e-02 1.520e-02
19 34 2.190e+00 2.070e+00 1.980e+00 1.940e+00 1.880e+00 1.850e+00 1.800e+00
20 21 6.970e-01 7.050e-01 7.020e-01 6.950e-01 6.810e-01 6.710e-01 6.550e-01
20 22 0.000e+00 0.000e+00 0.000e+00 0.000e+00 0.000e+00 0.000e+00 0.000e+00
20 23 4.890e-01 4.760e-01 4.630e-01 4.560e-01 4.470e-01 4.410e-01 4.330e-01
20 24 1.320e-01 1.350e-01 1.350e-01 1.350e-01 1.330e-01 1.320e-01 1.310e-01
20 25 3.160e-01 3.290e-01 3.380e-01 3.390e-01 3.390e-01 3.370e-01 3.340e-01
20 26 2.410e-01 2.490e-01 2.380e-01 2.270e-01 2.110e-01 2.010e-01 1.870e-01
20 27 5.110e-01 5.080e-01 5.050e-01 5.020e-01 4.970e-01 4.940e-01 4.880e-01
20 28 2.340e-01 2.240e-01 2.140e-01 2.090e-01 2.020e-01 1.980e-01 1.940e-01
20 29 3.600e-01 3.230e-01 2.890e-01 2.730e-01 2.540e-01 2.440e-01 2.320e-01
20 30 3.300e-01 3.180e-01 3.060e-01 2.990e-01 2.910e-01 2.870e-01 2.800e-01
20 31 3.570e-01 3.420e-01 3.270e-01 3.210e-01 3.130e-01 3.080e-01 3.010e-01
20 32 3.310e-01 3.120e-01 2.950e-01 2.880e-01 2.780e-01 2.720e-01 2.650e-01
20 33 6.780e-01 6.300e-01 5.830e-01 5.600e-01 5.330e-01 5.190e-01 5.000e-01
20 34 2.270e-01 2.330e-01 2.420e-01 2.460e-01 2.510e-01 2.530e-01 2.550e-01
21 22 0.000e+00 0.000e+00 0.000e+00 0.000e+00 0.000e+00 0.000e+00 0.000e+00
21 23 2.940e-01 2.870e-01 2.790e-01 2.740e-01 2.690e-01 2.650e-01 2.600e-01
21 24 7.920e-02 8.090e-02 8.120e-02 8.080e-02 8.000e-02 7.930e-02 7.830e-02
21 25 1.860e-01 1.960e-01 2.010e-01 2.020e-01 2.020e-01 2.020e-01 2.000e-01
21 26 1.400e-01 1.460e-01 1.400e-01 1.340e-01 1.250e-01 1.190e-01 1.110e-01
21 27 3.090e-01 3.060e-01 3.040e-01 3.020e-01 2.990e-01 2.970e-01 2.940e-01
21 28 8.510e-02 7.540e-02 6.650e-02 6.240e-02 5.770e-02 5.510e-02 5.200e-02
21 29 3.800e-01 3.580e-01 3.360e-01 3.250e-01 3.120e-01 3.050e-01 2.960e-01
21 30 2.440e-01 2.320e-01 2.210e-01 2.160e-01 2.090e-01 2.060e-01 2.000e-01
21 31 1.040e-01 9.800e-02 9.270e-02 9.020e-02 8.720e-02 8.560e-02 8.340e-02
21 32 2.570e-01 2.460e-01 2.370e-01 2.330e-01 2.270e-01 2.240e-01 2.200e-01
21 33 3.010e-01 2.760e-01 2.510e-01 2.390e-01 2.260e-01 2.180e-01 2.090e-01
21 34 1.370e-01 1.400e-01 1.450e-01 1.480e-01 1.510e-01 1.520e-01 1.530e-01
22 23 6.800e-01 6.630e-01 6.460e-01 6.370e-01 6.240e-01 6.160e-01 6.060e-01
22 24 1.850e-01 1.890e-01 1.900e-01 1.890e-01 1.870e-01 1.860e-01 1.830e-01
22 25 4.530e-01 4.690e-01 4.770e-01 4.780e-01 4.770e-01 4.740e-01 4.700e-01
22 26 3.350e-01 3.450e-01 3.280e-01 3.110e-01 2.870e-01 2.720e-01 2.510e-01
22 27 7.260e-01 7.190e-01 7.120e-01 7.070e-01 6.990e-01 6.940e-01 6.850e-01
22 28 1.120e-01 1.000e-01 8.890e-02 8.370e-02 7.770e-02 7.450e-02 7.060e-02
22 29 5.150e-01 4.810e-01 4.480e-01 4.320e-01 4.120e-01 4.010e-01 3.880e-01
22 30 1.660e-01 1.580e-01 1.500e-01 1.460e-01 1.410e-01 1.380e-01 1.350e-01
22 31 7.810e-01 7.410e-01 7.070e-01 6.910e-01 6.720e-01 6.600e-01 6.440e-01
22 32 4.220e-01 4.030e-01 3.850e-01 3.770e-01 3.660e-01 3.600e-01 3.520e-01
22 33 1.110e+00 1.030e+00 9.540e-01 9.160e-01 8.710e-01 8.460e-01 8.150e-01
22 34 3.180e-01 3.250e-01 3.380e-01 3.450e-01 3.520e-01 3.540e-01 3.560e-01
23 24 1.760e-01 2.110e-01 2.380e-01 2.470e-01 2.520e-01 2.530e-01 2.510e-01
23 25 1.140e+00 1.200e+00 1.230e+00 1.230e+00 1.210e+00 1.200e+00 1.170e+00
23 26 4.630e-07 9.560e-07 2.620e-06 4.100e-06 6.380e-06 7.760e-06 9.500e-06
23 27 1.490e+00 1.470e+00 1.430e+00 1.400e+00 1.350e+00 1.320e+00 1.270e+00
23 28 7.160e-02 6.650e-02 6.120e-02 5.860e-02 5.530e-02 5.350e-02 5.110e-02
23 29 2.120e-01 1.980e-01 1.820e-01 1.740e-01 1.650e-01 1.590e-01 1.520e-01
23 30 2.250e-01 2.140e-01 2.040e-01 2.000e-01 1.950e-01 1.920e-01 1.880e-01
23 31 3.600e-01 3.450e-01 3.330e-01 3.280e-01 3.220e-01 3.180e-01 3.120e-01
23 32 3.000e-01 2.860e-01 2.740e-01 2.690e-01 2.630e-01 2.600e-01 2.550e-01
23 33 3.470e-01 3.230e-01 2.980e-01 2.850e-01 2.700e-01 2.610e-01 2.500e-01
23 34 8.810e-01 9.460e-01 9.940e-01 1.010e+00 1.010e+00 1.000e+00 9.850e-01
24 25 1.920e-01 2.240e-01 2.440e-01 2.490e-01 2.510e-01 2.500e-01 2.470e-01
24 26 5.440e-20 4.750e-19 2.400e-18 4.360e-18 7.680e-18 9.830e-18 1.270e-17
24 27 1.250e-01 1.300e-01 1.370e-01 1.400e-01 1.440e-01 1.450e-01 1.460e-01
24 28 5.150e-03 6.020e-03 7.360e-03 8.060e-03 8.800e-03 9.130e-03 9.440e-03
24 29 1.540e-02 1.810e-02 2.210e-02 2.420e-02 2.640e-02 2.740e-02 2.830e-02
24 30 1.310e-02 1.490e-02 1.740e-02 1.860e-02 1.950e-02 1.980e-02 1.990e-02
24 31 2.380e-02 2.710e-02 3.180e-02 3.390e-02 3.560e-02 3.620e-02 3.630e-02
24 32 1.840e-02 2.100e-02 2.450e-02 2.610e-02 2.750e-02 2.790e-02 2.800e-02
24 33 2.580e-02 3.010e-02 3.690e-02 4.040e-02 4.410e-02 4.570e-02 4.720e-02
24 34 1.370e-01 1.440e-01 1.450e-01 1.430e-01 1.370e-01 1.330e-01 1.270e-01
25 26 6.900e-05 7.360e-05 7.570e-05 7.750e-05 8.040e-05 8.230e-05 8.440e-05
25 27 1.340e+00 1.300e+00 1.250e+00 1.230e+00 1.200e+00 1.180e+00 1.150e+00
25 28 5.240e-02 5.290e-02 5.360e-02 5.380e-02 5.350e-02 5.320e-02 5.260e-02
25 29 1.570e-01 1.580e-01 1.600e-01 1.610e-01 1.600e-01 1.590e-01 1.570e-01
25 30 1.340e-01 1.340e-01 1.330e-01 1.310e-01 1.290e-01 1.270e-01 1.250e-01
25 31 2.380e-01 2.380e-01 2.350e-01 2.330e-01 2.290e-01 2.260e-01 2.210e-01
25 32 1.860e-01 1.860e-01 1.840e-01 1.830e-01 1.800e-01 1.770e-01 1.740e-01
25 33 2.590e-01 2.620e-01 2.650e-01 2.660e-01 2.640e-01 2.630e-01 2.590e-01
25 34 4.880e-01 5.110e-01 5.310e-01 5.360e-01 5.350e-01 5.300e-01 5.210e-01
26 27 9.880e-05 1.060e-04 1.170e-04 1.260e-04 1.420e-04 1.510e-04 1.630e-04
26 28 1.520e-02 1.560e-02 1.580e-02 1.580e-02 1.540e-02 1.510e-02 1.460e-02
26 29 4.490e-02 4.590e-02 4.620e-02 4.580e-02 4.480e-02 4.380e-02 4.220e-02
26 30 2.830e-02 2.910e-02 2.940e-02 2.920e-02 2.860e-02 2.800e-02 2.710e-02
26 31 4.290e-02 4.300e-02 4.160e-02 4.050e-02 3.860e-02 3.730e-02 3.550e-02
26 32 3.890e-02 3.980e-02 3.990e-02 3.950e-02 3.860e-02 3.780e-02 3.640e-02
26 33 7.480e-02 7.650e-02 7.700e-02 7.640e-02 7.460e-02 7.300e-02 7.030e-02
26 34 4.090e-06 1.030e-05 1.870e-05 2.260e-05 2.630e-05 2.760e-05 2.860e-05
27 28 9.010e-02 8.540e-02 8.000e-02 7.730e-02 7.420e-02 7.260e-02 7.050e-02
27 29 2.680e-01 2.540e-01 2.380e-01 2.300e-01 2.210e-01 2.160e-01 2.100e-01
27 30 5.090e-01 4.860e-01 4.570e-01 4.420e-01 4.220e-01 4.110e-01 3.940e-01
27 31 8.520e-01 8.150e-01 7.700e-01 7.450e-01 7.120e-01 6.930e-01 6.650e-01
27 32 6.910e-01 6.600e-01 6.220e-01 6.020e-01 5.750e-01 5.590e-01 5.370e-01
27 33 4.400e-01 4.180e-01 3.920e-01 3.790e-01 3.640e-01 3.560e-01 3.450e-01
27 34 1.330e+00 1.320e+00 1.310e+00 1.310e+00 1.290e+00 1.290e+00 1.270e+00
28 29 0.000e+00 0.000e+00 0.000e+00 0.000e+00 0.000e+00 0.000e+00 0.000e+00
28 30 2.470e-01 2.430e-01 2.410e-01 2.400e-01 2.380e-01 2.360e-01 2.330e-01
28 31 8.890e-02 8.750e-02 8.620e-02 8.540e-02 8.440e-02 8.380e-02 8.300e-02
28 32 1.230e-01 1.220e-01 1.230e-01 1.230e-01 1.230e-01 1.230e-01 1.220e-01
28 33 0.000e+00 0.000e+00 0.000e+00 0.000e+00 0.000e+00 0.000e+00 0.000e+00
28 34 1.110e-01 1.170e-01 1.240e-01 1.260e-01 1.280e-01 1.280e-01 1.280e-01
29 30 4.140e-01 4.090e-01 4.070e-01 4.070e-01 4.050e-01 4.020e-01 3.980e-01
29 31 3.360e-01 3.320e-01 3.310e-01 3.310e-01 3.300e-01 3.280e-01 3.260e-01
29 32 5.800e-01 5.710e-01 5.650e-01 5.620e-01 5.570e-01 5.530e-01 5.460e-01
29 33 0.000e+00 0.000e+00 0.000e+00 0.000e+00 0.000e+00 0.000e+00 0.000e+00
29 34 3.310e-01 3.510e-01 3.710e-01 3.780e-01 3.830e-01 3.830e-01 3.820e-01
30 31 0.000e+00 0.000e+00 0.000e+00 0.000e+00 0.000e+00 0.000e+00 0.000e+00
30 32 0.000e+00 0.000e+00 0.000e+00 0.000e+00 0.000e+00 0.000e+00 0.000e+00
30 33 0.000e+00 0.000e+00 0.000e+00 0.000e+00 0.000e+00 0.000e+00 0.000e+00
30 34 4.340e-01 4.640e-01 5.020e-01 5.220e-01 5.430e-01 5.530e-01 5.640e-01
31 32 1.640e+00 1.570e+00 1.510e+00 1.490e+00 1.460e+00 1.450e+00 1.420e+00
31 33 0.000e+00 0.000e+00 0.000e+00 0.000e+00 0.000e+00 0.000e+00 0.000e+00
31 34 7.460e-01 7.980e-01 8.630e-01 8.960e-01 9.330e-01 9.510e-01 9.690e-01
32 33 0.000e+00 0.000e+00 0.000e+00 0.000e+00 0.000e+00 0.000e+00 0.000e+00
32 34 5.960e-01 6.370e-01 6.890e-01 7.160e-01 7.460e-01 7.600e-01 7.740e-01
33 34 5.490e-01 5.820e-01 6.150e-01 6.260e-01 6.330e-01 6.340e-01 6.320e-01
*** Fe III collision strengths
*** T_UNIT log(K)
*** ATOM iron
*** SPECTRUM 3
*** N_LEVELS 34
*** GSCONFIG d6
*** SOURCE Quinet 1996
*** NOTE Collision strengths
