Aij
1/s 1/s 1/s 1/s 1/s 1/s 1/s 1/s 1/s 1/s 1/s 1/s 1/s 1/s 1/s 1/s 1/s 1/s 1/s 1/s 1/s 1/s 1/s 1/s 1/s 1/s 1/s 1/s 1/s 1/s 1/s 1/s 1/s 1/s 1/s 1/s 1/s 1/s 1/s 1/s 1/s 1/s 1/s 1/s 1/s 1/s 1/s 1/s 1/s 1/s 1/s 1/s
0.0 0.0 0.0 0.0 0.0 0.0 0.0 0.0 0.0 0.0 0.0 0.0 0.0 0.0 0.0 0.0 0.0 0.0 0.0 0.0 0.0 0.0 0.0 0.0 0.0 0.0 0.0 0.0 0.0 0.0 0.0 0.0 0.0 0.0 0.0 0.0 0.0 0.0 0.0 0.0 0.0 0.0 0.0 0.0 0.0 0.0 0.0 0.0 0.0 0.0 0.0 0.0
2.12e-03 0.0 0.0 0.0 0.0 0.0 0.0 0.0 0.0 0.0 0.0 0.0 0.0 0.0 0.0 0.0 0.0 0.0 0.0 0.0 0.0 0.0 0.0 0.0 0.0 0.0 0.0 0.0 0.0 0.0 0.0 0.0 0.0 0.0 0.0 0.0 0.0 0.0 0.0 0.0 0.0 0.0 0.0 0.0 0.0 0.0 0.0 0.0 0.0 0.0 0.0 0.0
0.0 1.57e-03 0.0 0.0 0.0 0.0 0.0 0.0 0.0 0.0 0.0 0.0 0.0 0.0 0.0 0.0 0.0 0.0 0.0 0.0 0.0 0.0 0.0 0.0 0.0 0.0 0.0 0.0 0.0 0.0 0.0 0.0 0.0 0.0 0.0 0.0 0.0 0.0 0.0 0.0 0.0 0.0 0.0 0.0 0.0 0.0 0.0 0.0 0.0 0.0 0.0 0.0
0.0 0.0 7.20e-04 0.0 0.0 0.0 0.0 0.0 0.0 0.0 0.0 0.0 0.0 0.0 0.0 0.0 0.0 0.0 0.0 0.0 0.0 0.0 0.0 0.0 0.0 0.0 0.0 0.0 0.0 0.0 0.0 0.0 0.0 0.0 0.0 0.0 0.0 0.0 0.0 0.0 0.0 0.0 0.0 0.0 0.0 0.0 0.0 0.0 0.0 0.0 0.0 0.0
0.0 0.0 0.0 1.89e-04 0.0 0.0 0.0 0.0 0.0 0.0 0.0 0.0 0.0 0.0 0.0 0.0 0.0 0.0 0.0 0.0 0.0 0.0 0.0 0.0 0.0 0.0 0.0 0.0 0.0 0.0 0.0 0.0 0.0 0.0 0.0 0.0 0.0 0.0 0.0 0.0 0.0 0.0 0.0 0.0 0.0 0.0 0.0 0.0 0.0 0.0 0.0 0.0
5.57e-05 4.72e-06 0.0 0.0 0.0 0.0 0.0 0.0 0.0 0.0 0.0 0.0 0.0 0.0 0.0 0.0 0.0 0.0 0.0 0.0 0.0 0.0 0.0 0.0 0.0 0.0 0.0 0.0 0.0 0.0 0.0 0.0 0.0 0.0 0.0 0.0 0.0 0.0 0.0 0.0 0.0 0.0 0.0 0.0 0.0 0.0 0.0 0.0 0.0 0.0 0.0 0.0
8.89e-06 3.71e-05 5.80e-06 0.0 0.0 5.85e-03 0.0 0.0 0.0 0.0 0.0 0.0 0.0 0.0 0.0 0.0 0.0 0.0 0.0 0.0 0.0 0.0 0.0 0.0 0.0 0.0 0.0 0.0 0.0 0.0 0.0 0.0 0.0 0.0 0.0 0.0 0.0 0.0 0.0 0.0 0.0 0.0 0.0 0.0 0.0 0.0 0.0 0.0 0.0 0.0 0.0 0.0
0.0 1.10e-05 2.47e-05 5.73e-06 0.0 0.0 3.95e-03 0.0 0.0 0.0 0.0 0.0 0.0 0.0 0.0 0.0 0.0 0.0 0.0 0.0 0.0 0.0 0.0 0.0 0.0 0.0 0.0 0.0 0.0 0.0 0.0 0.0 0.0 0.0 0.0 0.0 0.0 0.0 0.0 0.0 0.0 0.0 0.0 0.0 0.0 0.0 0.0 0.0 0.0 0.0 0.0 0.0
0.0 0.0 6.14e-06 1.09e-05 2.71e-06 0.0 0.0 1.42e-03 0.0 0.0 0.0 0.0 0.0 0.0 0.0 0.0 0.0 0.0 0.0 0.0 0.0 0.0 0.0 0.0 0.0 0.0 0.0 0.0 0.0 0.0 0.0 0.0 0.0 0.0 0.0 0.0 0.0 0.0 0.0 0.0 0.0 0.0 0.0 0.0 0.0 0.0 0.0 0.0 0.0 0.0 0.0 0.0 
5.33e-03 1.54e-03 9.63e-04 0.0 0.0 5.58e-03 1.25e-03 1.13e-04 0.0 0.0 0.0 0.0 0.0 0.0 0.0 0.0 0.0 0.0 0.0 0.0 0.0 0.0 0.0 0.0 0.0 0.0 0.0 0.0 0.0 0.0 0.0 0.0 0.0 0.0 0.0 0.0 0.0 0.0 0.0 0.0 0.0 0.0 0.0 0.0 0.0 0.0 0.0 0.0 0.0 0.0 0.0 0.0
2.67e-06 3.57e-04 2.37e-03 1.37e-03 0.0 2.80e-03 2.26e-03 1.77e-03 2.80e-04 2.61e-03 0.0 0.0 0.0 0.0 0.0 0.0 0.0 0.0 0.0 0.0 0.0 0.0 0.0 0.0 0.0 0.0 0.0 0.0 0.0 0.0 0.0 0.0 0.0 0.0 0.0 0.0 0.0 0.0 0.0 0.0 0.0 0.0 0.0 0.0 0.0 0.0 0.0 0.0 0.0 0.0 0.0 0.0
0.0 1.14e-06 8.51e-05 2.96e-03 1.29e-03 0.0 3.75e-03 1.06e-03 2.08e-03 0.0 1.39e-03 0.0 0.0 0.0 0.0 0.0 0.0 0.0 0.0 0.0 0.0 0.0 0.0 0.0 0.0 0.0 0.0 0.0 0.0 0.0 0.0 0.0 0.0 0.0 0.0 0.0 0.0 0.0 0.0 0.0 0.0 0.0 0.0 0.0 0.0 0.0 0.0 0.0 0.0 0.0 0.0 0.0
0.0 0.0 0.0 8.04e-04 4.04e-03 0.0 0.0 4.23e-03 2.46e-03 0.0 0.0 1.20e-03 0.0 0.0 0.0 0.0 0.0 0.0 0.0 0.0 0.0 0.0 0.0 0.0 0.0 0.0 0.0 0.0 0.0 0.0 0.0 0.0 0.0 0.0 0.0 0.0 0.0 0.0 0.0 0.0 0.0 0.0 0.0 0.0 0.0 0.0 0.0 0.0 0.0 0.0 0.0 0.0
0.0 1.11e-02 6.94e-05 8.32e-04 7.13e-07 2.67e-02 6.56e-03 1.24e-03 1.11e-04 2.04e-03 9.47e-04 2.76e-04 2.89e-05 0.0 0.0 0.0 0.0 0.0 0.0 0.0 0.0 0.0 0.0 0.0 0.0 0.0 0.0 0.0 0.0 0.0 0.0 0.0 0.0 0.0 0.0 0.0 0.0 0.0 0.0 0.0 0.0 0.0 0.0 0.0 0.0 0.0 0.0 0.0 0.0 0.0 0.0 0.0
0.0 3.86e-05 1.01e-02 5.22e-04 1.44e-03 0.0 1.73e-02 9.99e-03 2.78e-03 1.91e-03 3.56e-05 5.77e-04 5.08e-04 1.91e-04 0.0 0.0 0.0 0.0 0.0 0.0 0.0 0.0 0.0 0.0 0.0 0.0 0.0 0.0 0.0 0.0 0.0 0.0 0.0 0.0 0.0 0.0 0.0 0.0 0.0 0.0 0.0 0.0 0.0 0.0 0.0 0.0 0.0 0.0 0.0 0.0 0.0 0.0
0.0 0.0 8.18e-05 8.90e-03 2.76e-03 0.0 0.0 1.28e-02 1.68e-02 0.0 2.35e-03 8.26e-04 1.13e-04 0.0 5.81e-04 0.0 0.0 0.0 0.0 0.0 0.0 0.0 0.0 0.0 0.0 0.0 0.0 0.0 0.0 0.0 0.0 0.0 0.0 0.0 0.0 0.0 0.0 0.0 0.0 0.0 0.0 0.0 0.0 0.0 0.0 0.0 0.0 0.0 0.0 0.0 0.0 0.0
0.0 0.0 0.0 0.0 0.0 1.57e-01 5.14e-02 5.30e-06 0.0 0.0 0.0 0.0 0.0 0.0 0.0 0.0 0.0 0.0 0.0 0.0 0.0 0.0 0.0 0.0 0.0 0.0 0.0 0.0 0.0 0.0 0.0 0.0 0.0 0.0 0.0 0.0 0.0 0.0 0.0 0.0 0.0 0.0 0.0 0.0 0.0 0.0 0.0 0.0 0.0 0.0 0.0 0.0
0.0 0.0 0.0 0.0 0.0 5.60e-03 0.0 0.0 0.0 0.0 0.0 0.0 0.0 0.0 0.0 0.0 0.0 0.0 0.0 0.0 0.0 0.0 0.0 0.0 0.0 0.0 0.0 0.0 0.0 0.0 0.0 0.0 0.0 0.0 0.0 0.0 0.0 0.0 0.0 0.0 0.0 0.0 0.0 0.0 0.0 0.0 0.0 0.0 0.0 0.0 0.0 0.0
0.0 0.0 0.0 0.0 0.0 0.0 5.93e-02 4.54e-02 1.20e-05 0.0 0.0 0.0 0.0 0.0 0.0 0.0 2.29e-03 0.0 0.0 0.0 0.0 0.0 0.0 0.0 0.0 0.0 0.0 0.0 0.0 0.0 0.0 0.0 0.0 0.0 0.0 0.0 0.0 0.0 0.0 0.0 0.0 0.0 0.0 0.0 0.0 0.0 0.0 0.0 0.0 0.0 0.0 0.0
0.0 1.80e-06 8.40e-05 2.70e-06 9.20e-06 0.0 2.62e-03 2.66e-02 1.81e-02 2.10e-04 1.03e-02 1.80e-04 6.10e-04 7.62e-02 3.84e-02 1.72e-0 0.0 0.0 0.0 0.0 0.0 0.0 0.0 0.0 0.0 0.0 0.0 0.0 0.0 0.0 0.0 0.0 0.0 0.0 0.0 0.0 0.0 0.0 0.0 0.0 0.0 0.0 0.0 0.0 0.0 0.0 0.0 0.0 0.0 0.0 0.0 0.0
0.0 0.0 2.00e-06 9.60e-05 1.90e-05 0.0 0.0 1.27e-03 4.10e-04 0.0 1.70e-04 9.06e-03 3.14e-03 2.00e-06 3.80e-05 9.16e-02 0.0 0.0 2.72e-03 0.0 0.0 0.0 0.0 0.0 0.0 0.0 0.0 0.0 0.0 0.0 0.0 0.0 0.0 0.0 0.0 0.0 0.0 0.0 0.0 0.0 0.0 0.0 0.0 0.0 0.0 0.0 0.0 0.0 0.0 0.0 0.0 0.0
0.0 0.0 0.0 0.0 0.0 2.49e-03 0.0 0.0 0.0 0.0 0.0 0.0 0.0 0.0 0.0 0.0 1.27e-02 1.30e-06 0.0 0.0 0.0 0.0 0.0 0.0 0.0 0.0 0.0 0.0 0.0 0.0 0.0 0.0 0.0 0.0 0.0 0.0 0.0 0.0 0.0 0.0 0.0 0.0 0.0 0.0 0.0 0.0 0.0 0.0 0.0 0.0 0.0 0.0
1.10e-06 1.24e-02 2.90e-05 5.80e-05 1.70e-07 1.12e-02 3.19e-01 3.58e-02 1.58e-02 1.10e-05 1.40e-04 2.00e-05 5.40e-07 2.26e-02 8.61e-03 2.40e-07 0.0 0.0 7.66e-03 2.90e-08 0.0 0.0 0.0 0.0 0.0 0.0 0.0 0.0 0.0 0.0 0.0 0.0 0.0 0.0 0.0 0.0 0.0 0.0 0.0 0.0 0.0 0.0 0.0 0.0 0.0 0.0 0.0 0.0 0.0 0.0 0.0 0.0
0.0 0.0 0.0 0.0 0.0 1.17e-03 0.0 0.0 0.0 0.0 0.0 0.0 0.0 0.0 0.0 0.0 4.13e-02 1.29e-02 0.0 0.0 1.29e-03 0.0 0.0 0.0 0.0 0.0 0.0 0.0 0.0 0.0 0.0 0.0 0.0 0.0 0.0 0.0 0.0 0.0 0.0 0.0 0.0 0.0 0.0 0.0 0.0 0.0 0.0 0.0 0.0 0.0 0.0 0.0
2.30e-04 3.46e-01 5.20e-03 2.68e-02 6.09e-05 5.23e-01 1.62e-01 3.22e-02 2.29e-03 3.21e-02 1.00e-02 7.99e-03 3.60e-05 0.0 0.0 0.0 0.0 0.0 0.0 0.0 0.0 0.0 0.0 0.0 0.0 0.0 0.0 0.0 0.0 0.0 0.0 0.0 0.0 0.0 0.0 0.0 0.0 0.0 0.0 0.0 0.0 0.0 0.0 0.0 0.0 0.0 0.0 0.0 0.0 0.0 0.0 0.0
1.22e-01 0.0 0.0 0.0 0.0 4.07e-01 0.0 0.0 0.0 0.0 0.0 0.0 0.0 0.0 0.0 0.0 0.0 0.0 0.0 0.0 0.0 0.0 0.0 0.0 0.0 0.0 0.0 0.0 0.0 0.0 0.0 0.0 0.0 0.0 0.0 0.0 0.0 0.0 0.0 0.0 0.0 0.0 0.0 0.0 0.0 0.0 0.0 0.0 0.0 0.0 0.0 0.0
0.0 2.50e-07 1.90e-04 2.60e-06 2.00e-05 0.0 3.80e-05 3.09e-01 1.67e-01 3.70e-05 3.10e-04 4.50e-04 1.10e-04 1.70e-03 1.03e-02 5.40e-03 0.0 0.0 5.25e-02 9.49e-03 0.0 8.19e-03 0.0 0.0 0.0 0.0 0.0 0.0 0.0 0.0 0.0 0.0 0.0 0.0 0.0 0.0 0.0 0.0 0.0 0.0 0.0 0.0 0.0 0.0 0.0 0.0 0.0 0.0 0.0 0.0 0.0 0.0
1.00e-05 1.30e-05 0.0 0.0 0.0 1.19e-01 3.95e-01 0.0 0.0 0.0 0.0 0.0 0.0 0.0 0.0 0.0 0.0 0.0 0.0 0.0 0.0 0.0 0.0 0.0 2.00e-04 0.0 0.0 0.0 0.0 0.0 0.0 0.0 0.0 0.0 0.0 0.0 0.0 0.0 0.0 0.0 0.0 0.0 0.0 0.0 0.0 0.0 0.0 0.0 0.0 0.0 0.0 0.0
2.20e-03 2.50e-04 1.80e-06 0.0 0.0 2.58e-02 1.32e-01 3.23e-01 0.0 0.0 0.0 0.0 0.0 0.0 0.0 0.0 0.0 0.0 0.0 0.0 0.0 0.0 0.0 0.0 3.70e-13 0.0 2.00e-04 0.0 0.0 0.0 0.0 0.0 0.0 0.0 0.0 0.0 0.0 0.0 0.0 0.0 0.0 0.0 0.0 0.0 0.0 0.0 0.0 0.0 0.0 0.0 0.0 0.0
1.40e-04 9.20e-04 2.00e-04 1.60e-07 0.0 1.60e-03 2.11e-02 9.88e-02 2.91e-01 0.0 0.0 0.0 0.0 0.0 0.0 0.0 0.0 0.0 0.0 0.0 0.0 0.0 0.0 0.0 0.0 0.0 2.60e-13 1.20e-04 0.0 0.0 0.0 0.0 0.0 0.0 0.0 0.0 0.0 0.0 0.0 0.0 0.0 0.0 0.0 0.0 0.0 0.0 0.0 0.0 0.0 0.0 0.0 0.0
0.0 3.50e-07 4.65e-01 2.42e-02 6.81e-02 0.0 4.13e-01 2.69e-01 8.05e-02 1.70e-03 7.51e-04 1.26e-02 5.90e-03 0.0 0.0 0.0 0.0 0.0 0.0 0.0 0.0 0.0 0.0 2.16e-02 0.0 0.0 0.0 0.0 0.0 0.0 0.0 0.0 0.0 0.0 0.0 0.0 0.0 0.0 0.0 0.0 0.0 0.0 0.0 0.0 0.0 0.0 0.0 0.0 0.0 0.0 0.0 0.0
0.0 0.0 2.30e-05 4.85e-01 1.53e-01 0.0 0.0 3.38e-01 4.68e-01 0.0 1.90e-03 5.64e-03 1.72e-02 0.0 0.0 0.0 0.0 0.0 0.0 0.0 0.0 0.0 0.0 7.50e-07 0.0 0.0 0.0 0.0 0.0 9.50e-03 0.0 0.0 0.0 0.0 0.0 0.0 0.0 0.0 0.0 0.0 0.0 0.0 0.0 0.0 0.0 0.0 0.0 0.0 0.0 0.0 0.0 0.0
4.53e-01 6.05e-02 2.60e-07 0.0 0.0 4.71e-01 6.39e-02 7.20e-04 0.0 2.53e-02 3.30e-05 0.0 0.0 3.90e-03 0.0 0.0 0.0 0.0 0.0 0.0 0.0 0.0 0.0 0.0 0.0 0.0 0.0 0.0 0.0 0.0 0.0 0.0 0.0 0.0 0.0 0.0 0.0 0.0 0.0 0.0 0.0 0.0 0.0 0.0 0.0 0.0 0.0 0.0 0.0 0.0 0.0 0.0
5.57e-02 2.78e-01 6.51e-02 4.80e-08 0.0 1.48e-01 2.61e-01 9.10e-02 1.60e-05 1.62e-02 1.70e-03 5.20e-05 0.0 1.60e-03 2.50e-03 0.0 0.0 0.0 0.0 0.0 0.0 0.0 0.0 0.0 0.0 0.0 0.0 0.0 0.0 0.0 0.0 1.80e-04 0.0 0.0 0.0 0.0 0.0 0.0 0.0 0.0 0.0 0.0 0.0 0.0 0.0 0.0 0.0 0.0 0.0 0.0 0.0 0.0
1.60e-05 5.32e-02 1.49e-01 4.37e-02 2.00e-06 1.50e-02 2.04e-01 1.67e-01 8.42e-02 4.44e-03 2.40e-02 1.72e-03 5.20e-05 4.66e-04 2.50e-03 1.30e-03 0.0 0.0 0.0 0.0 0.0 0.0 0.0 0.0 0.0 0.0 0.0 0.0 0.0 0.0 0.0 7.00e-14 1.20e-04 0.0 0.0 0.0 0.0 0.0 0.0 0.0 0.0 0.0 0.0 0.0 0.0 0.0 0.0 0.0 0.0 0.0 0.0 0.0
0.0 5.90e-06 2.82e-02 5.77e-02 1.61e-02 0.0 2.66e-02 2.04e-01 2.15e-01 4.60e-06 6.31e-03 2.58e-02 1.60e-02 7.75e-05 1.30e-03 3.10e-03 0.0 0.0 0.0 0.0 0.0 0.0 0.0 0.0 0.0 0.0 0.0 0.0 0.0 0.0 0.0 0.0 0.0 8.60e-15 4.90e-05 0.0 0.0 0.0 0.0 0.0 0.0 0.0 0.0 0.0 0.0 0.0 0.0 0.0 0.0 0.0 0.0 0.0
1.50e+00 1.11e+00 7.84e-01 5.02e-01 2.44e-01 0.0 0.0 0.0 0.0 2.30e-04 1.30e-04 4.30e-05 5.50e-06 1.30e-07 7.20e-08 3.60e-08 0.0 0.0 0.0 0.0 0.0 0.0 0.0 0.0 0.0 0.0 0.0 0.0 0.0 0.0 0.0 0.0 0.0 0.0 0.0 0.0 0.0 0.0 0.0 0.0 0.0 0.0 0.0 0.0 0.0 0.0 0.0 0.0 0.0 0.0 0.0 0.0
2.44e-04 1.00e-04 0.0 0.0 0.0 8.51e-01 1.98e-01 0.0 0.0 1.20e-04 0.0 0.0 0.0 0.0 0.0 0.0 4.10e-04 2.70e-05 0.0 0.0 0.0 0.0 0.0 0.0 2.10e-02 0.0 1.50e-02 2.60e-04 2.90e-09 0.0 0.0 1.24e-02 2.10e-07 0.0 0.0 0.0 0.0 0.0 0.0 0.0 0.0 0.0 0.0 0.0 0.0 0.0 0.0 0.0 0.0 0.0 0.0 0.0
0.0 1.50e-09 4.30e-03 3.10e-06 3.70e-04 0.0 1.70e-03 1.12e-02 4.20e-03 2.10e-05 3.63e-01 1.41e-02 4.10e-02 3.20e-05 9.50e-04 2.80e-04 0.0 0.0 5.99e-03 1.80e-03 0.0 0.0 0.0 4.34e-02 0.0 0.0 0.0 0.0 0.0 1.54e-02 6.69e-03 0.0 0.0 0.0 0.0 0.0 0.0 0.0 0.0 0.0 0.0 0.0 0.0 0.0 0.0 0.0 0.0 0.0 0.0 0.0 0.0 0.0
1.40e-02 2.60e-03 8.10e-05 0.0 0.0 1.56e-01 6.62e-01 3.12e-01 0.0 6.20e-04 1.00e-04 0.0 0.0 6.30e-04 0.0 0.0 8.00e-05 1.30e-04 0.0 0.0 0.0 0.0 0.0 0.0 1.60e-05 0.0 3.10e-03 1.55e-02 9.20e-04 0.0 0.0 2.00e-02 2.20e-03 4.50e-07 1.80e-03 0.0 0.0 0.0 0.0 0.0 0.0 0.0 0.0 0.0 0.0 0.0 0.0 0.0 0.0 0.0 0.0 0.0
1.70e-03 8.00e-03 2.10e-03 3.50e-05 0.0 8.72e-03 3.05e-01 6.12e-01 3.09e-01 2.60e-03 2.99e-03 1.00e-04 0.0 2.70e-04 5.40e-04 0.0 1.10e-06 1.40e-04 0.0 0.0 0.0 0.0 0.0 0.0 0.0 0.0 2.30e-05 3.70e-03 2.00e-02 0.0 0.0 3.20e-03 2.34e-02 2.80e-03 5.00e-07 0.0 2.00e-11 0.0 3.10e-04 0.0 0.0 0.0 0.0 0.0 0.0 0.0 0.0 0.0 0.0 0.0 0.0 0.0 
2.80e-07 7.80e-04 2.60e-03 7.86e-04 7.60e-06 2.00e-04 2.84e-02 3.56e-01 8.16e-01 1.66e-05 1.15e-04 1.66e-04 1.40e-04 4.70e-05 2.20e-04 1.20e-04 0.0 0.0 0.0 0.0 0.0 2.00e-05 3.90e-02 0.0 2.20e-05 3.10e-03 3.23e-02 2.60e-02 2.10e-02 7.90e-08 5.50e-13 0.0 0.0 2.23e-02 1.87e-02 0.0 0.0 0.0 0.0 0.0 0.0 0.0 0.0 0.0 0.0 0.0 0.0 0.0 0.0 0.0 0.0 0.0
0.0 0.0 0.0 0.0 0.0 4.50e-02 2.40e-02 0.0 0.0 0.0 0.0 0.0 0.0 0.0 0.0 0.0 1.30e-02 2.80e-04 0.0 0.0 2.60e-03 0.0 1.80e-04 0.0 9.60e-03 0.0 8.20e-04 1.30e-03 3.20e-10 0.0 0.0 1.30e-03 4.80e-08 0.0 0.0 0.0 0.0 0.0 0.0 0.0 0.0 0.0 0.0 0.0 0.0 0.0 0.0 0.0 0.0 0.0 0.0 0.0
0.0 0.0 0.0 0.0 0.0 5.98e-03 1.90e-02 1.33e-02 0.0 0.0 0.0 0.0 0.0 0.0 0.0 0.0 1.11e-02 1.10e-02 0.0 0.0 1.60e-04 0.0 1.98e-03 0.0 2.10e-07 0.0 5.30e-04 4.80e-04 1.20e-03 0.0 0.0 1.68e-03 1.80e-03 6.90e-08 0.0 0.0 0.0 0.0 0.0 0.0 0.0 0.0 0.0 0.0 0.0 0.0 0.0 0.0 0.0 0.0 0.0 0.0
0.0 0.0 1.80e-06 1.90e-03 4.00e-04 0.0 0.0 2.10e-03 1.11e-02 0.0 1.20e-04 4.32e-01 1.21e-01 6.30e-05 2.60e-03 2.50e-04 0.0 0.0 1.50e-02 1.80e-06 0.0 0.0 0.0  7.80e-08 0.0 1.20e-02 0.0 0.0 0.0 4.90e-03 2.40e-02 0.0 0.0 0.0 0.0 0.0 0.0 2.66e-02 0.0 0.0 0.0 0.0 0.0 0.0 0.0 0.0 0.0 0.0 0.0 0.0 0.0 0.0 
8.30e-05 1.50e-04 6.40e-05 4.00e-07 0.0 5.92e-03 7.44e-03 1.86e-02 5.75e-03 3.23e-01 8.97e-02 3.00e-07 0.0 0.0 0.0 0.0 7.28e-02 1.14e-02 9.42e-03 0.0 0.0 0.0 0.0 0.0 0.0 0.0 0.0 0.0 0.0 0.0 0.0  2.60e-03 1.90e-04 2.00e-03 1.70e-08 0.0 0.0 0.0 0.0 0.0 0.0 0.0 0.0 0.0 0.0 0.0 0.0 0.0 0.0 0.0 0.0 0.0 
2.20e-12 2.00e-04 8.80e-05 2.20e-05 8.90e-09 2.50e-04 1.20e-03 1.15e-02 3.11e-02 1.66e-02 1.20e-01 6.93e-02 3.90e-06 0.0 0.0 0.0 6.21e-03 6.14e-02 6.80e-03 7.21e-03 0.0 0.0 0.0 0.0 0.0 0.0 0.0 0.0 0.0 0.0 0.0 4.70e-07 3.20e-03 2.30e-04 1.30e-03 0.0 0.0 0.0 0.0 3.24e-03 0.0 0.0 0.0 0.0 0.0 0.0 0.0 0.0 0.0 0.0 0.0 0.0
0.0 0.0 0.0 0.0 0.0 4.73e-03 3.24e-03 1.10e-03 0.0 2.80e-04 2.50e-05 0.0 0.0 0.0 0.0 0.0 1.21e-01 1.28e-02 0.0 0.0 3.56e-02 9.29e-03 1.38e-02 0.0 5.00e-06 0.0 1.72e-02 4.09e-03 7.50e-05 0.0 0.0 1.69e-02 6.02e-03 1.30e-09 0.0 0.0 6.63e-03 0.0 3.71e-03 0.0 0.0 1.06e-02 1.70e-02 0.0 6.51e-03 4.60e-08 0.0 0.0 0.0 0.0 0.0 0.0
0.0 0.0 0.0 0.0 0.0 8.20e-04 2.20e-03 1.60e-03 2.90e-04 4.94e-03 3.20e-03 1.40e-05 0.0 0.0 0.0 0.0 2.20e-02 1.12e-01 0.0 0.0 1.60e-03 3.29e-02 1.30e-04 8.58e-03 0.0 0.0 8.90e-07 1.66e-02 1.21e-02 0.0 0.0 7.30e-04 6.19e-03 5.62e-03 3.00e-09 0.0 0.0 0.0 0.0 3.66e-03 5.74e-03 1.70e-05 1.24e-02 0.0 1.97e-02 5.82e-03 0.0 0.0 0.0 0.0 0.0 0.0
2.20e-01 6.90e-02 2.90e-02 1.48e-01 5.95e-02 7.30e-01 4.53e-01 2.45e-01 4.69e-01 1.94e-03 1.72e-02 6.60e-05 0.0 7.73e-02 8.58e-02 4.19e-02 0.0 0.0 2.10e-03 2.60e-05 0.0 5.80e-04 0.0 5.60e-02 0.0 1.60e-04 0.0 0.0 0.0 3.56e-02 0.0 6.84e-03 3.79e-03 1.31e-03 3.70e-77 0.0 0.0 2.20e-06 0.0 0.0 0.0 0.0 0.0 5.00e-03 0.0 0.0 0.0 0.0 0.0 0.0 0.0 0.0
2.30e-05 4.61e-02 1.20e-01 3.92e-02 2.08e-01 2.00e-01 3.73e-01 6.54e-01 4.90e-01 2.44e-02 2.54e-04 1.30e-02 9.80e-05 2.11e-02 1.72e-01 6.60e-02 0.0 0.0 5.10e-04 7.70e-04 0.0 1.70e-05 0.0 3.09e-02 0.0 1.70e-04 0.0 0.0 0.0 3.01e-02 4.39e-02 3.30e-06 4.80e-02 2.70e-03 8.75e-04 0.0 0.0 2.30e-04 0.0 0.0 0.0 0.0 0.0 1.40e-02 0.0 0.0 0.0 0.0 0.0 0.0 0.0 0.0
0.0 3.24e-02 1.12e-01 5.44e-02 6.10e-02 2.55e-01 4.48e-01 4.09e-01 7.86e-02 2.30e-02 1.45e-02 6.40e-05 8.00e-03 1.38e-01 7.55e-02 7.05e-02 0.0 0.0 1.50e-04 3.30e-05 0.0 1.30e-05 0.0 2.55e-02 0.0 5.10e-05 0.0 0.0 0.0 4.33e-02 5.30e-04 0.0 1.50e-05 1.20e-03 2.39e-03 0.0 0.0 1.10e-02 0.0 0.0 0.0 0.0 0.0 1.70e-08 0.0 0.0 0.0 0.0 0.0 0.0 0.0 0.0
*** Fe II transition probabilities
*** ATOM iron
*** SPECTRUM 2
*** N_LEVELS 52
*** GSCONFIG unknown
*** SOURCE Bautista, Fivet, Ballance et al. 2015, ApJ, 808, 174
*** NOTE A-values
*** VACUUM 1
