 0  0  1.80e-01  4.50e-01  9.00e-01  1.80e+00  4.50e+00  9.00e+00  1.80e+01  4.50e+01  9.00e+01  1.80e+01 
 1  2  1.99e+00  2.48e+00  2.97e+00  3.16e+00  2.69e+00  2.15e+00  1.71e+00  1.32e+00  1.10e+00  9.16e-01 
 1  3  8.93e-01  1.11e+00  1.37e+00  1.48e+00  1.24e+00  9.77e-01  7.49e-01  5.33e-01  4.13e-01  3.22e-01 
 1  4  3.94e-01  5.02e-01  6.46e-01  7.17e-01  6.24e-01  5.02e-01  3.90e-01  2.73e-01  2.03e-01  1.47e-01 
 1  5  1.14e-01  1.44e-01  1.90e-01  2.16e-01  1.93e-01  1.58e-01  1.25e-01  8.86e-02  6.64e-02  4.87e-02 
 1  6  1.03e+00  9.40e-01  8.24e-01  7.08e-01  5.67e-01  4.84e-01  4.23e-01  3.52e-01  2.85e-01  2.11e-01 
 1  7  1.48e+00  1.45e+00  1.44e+00  1.42e+00  1.34e+00  1.25e+00  1.16e+00  9.78e-01  7.83e-01  5.72e-01 
 1  8  6.46e-01  6.61e-01  6.62e-01  6.60e-01  6.30e-01  5.90e-01  5.46e-01  4.60e-01  3.68e-01  2.69e-01 
 1  9  2.10e-01  2.20e-01  2.21e-01  2.07e-01  1.69e-01  1.40e-01  1.17e-01  9.30e-02  7.34e-02  5.35e-02 
 1 10  3.17e-01  2.64e-01  2.25e-01  1.92e-01  1.48e-01  1.18e-01  9.54e-02  7.29e-02  5.66e-02  4.09e-02 
 1 11  5.43e-02  4.39e-02  3.87e-02  3.30e-02  2.28e-02  1.55e-02  9.83e-03  5.10e-03  3.04e-03  1.79e-03 
 1 12  1.09e+00  1.10e+00  1.13e+00  1.09e+00  9.63e-01  8.54e-01  7.62e-01  6.37e-01  5.12e-01  3.77e-01 
 1 13  5.38e-01  5.23e-01  5.26e-01  5.17e-01  4.63e-01  4.10e-01  3.61e-01  2.93e-01  2.31e-01  1.68e-01 
 1 14  1.94e-01  1.96e-01  1.95e-01  1.91e-01  1.71e-01  1.51e-01  1.33e-01  1.06e-01  8.29e-02  5.98e-02 
 1 15  1.53e+00  1.41e+00  1.33e+00  1.24e+00  1.08e+00  9.64e-01  8.74e-01  7.43e-01  6.02e-01  4.45e-01 
 1 16  6.69e-01  6.08e-01  5.57e-01  5.18e-01  4.48e-01  3.88e-01  3.36e-01  2.71e-01  2.14e-01  1.55e-01 
 1 17  2.32e-01  2.02e-01  1.71e-01  1.45e-01  1.12e-01  9.13e-02  7.51e-02  5.74e-02  4.42e-02  3.16e-02 
 1 18  5.18e-01  8.59e-01  1.18e+00  1.27e+00  1.07e+00  8.02e-01  5.55e-01  3.22e-01  2.08e-01  1.30e-01 
 1 19  2.75e-01  2.28e-01  1.64e-01  1.05e-01  5.23e-02  2.96e-02  1.63e-02  7.17e-03  3.80e-03  2.01e-03 
 1 20  2.72e-01  3.06e-01  3.40e-01  3.46e-01  3.12e-01  2.81e-01  2.55e-01  2.15e-01  1.74e-01  1.28e-01 
 1 21  1.43e-01  1.44e-01  1.56e-01  1.62e-01  1.51e-01  1.37e-01  1.23e-01  1.01e-01  8.02e-02  5.84e-02 
 1 22  5.74e-01  6.95e-01  7.54e-01  7.28e-01  6.17e-01  5.36e-01  4.75e-01  3.99e-01  3.23e-01  2.39e-01 
 1 23  5.63e-02  5.80e-02  6.21e-02  5.69e-02  3.94e-02  2.64e-02  1.66e-02  8.66e-03  5.25e-03  3.15e-03 
 1 24  3.57e-03  5.69e-03  6.07e-03  5.31e-03  3.54e-03  2.38e-03  1.49e-03  7.28e-04  4.01e-04  2.16e-04 
 1 25  3.13e-02  3.38e-02  3.31e-02  2.80e-02  1.85e-02  1.26e-02  8.27e-03  4.73e-03  3.09e-03  1.98e-03 
 1 26  9.09e-01  1.35e+00  1.58e+00  1.54e+00  1.26e+00  9.96e-01  8.03e-01  7.07e-01  7.24e-01  7.71e-01 
 1 27  6.28e-02  7.01e-02  5.76e-02  4.15e-02  2.48e-02  1.64e-02  1.08e-02  6.27e-03  4.14e-03  2.67e-03 
 1 28  5.38e-02  4.72e-02  4.23e-02  3.91e-02  3.77e-02  3.68e-02  3.51e-02  3.03e-02  2.45e-02  1.81e-02 
 1 29  1.80e-01  1.56e-01  1.45e-01  1.38e-01  1.30e-01  1.24e-01  1.18e-01  1.04e-01  8.48e-02  6.33e-02 
 1 30  9.61e-02  8.97e-02  8.89e-02  8.73e-02  8.21e-02  7.74e-02  7.20e-02  6.12e-02  4.93e-02  3.64e-02 
 1 31  4.81e-01  5.27e-01  5.32e-01  5.01e-01  4.47e-01  4.14e-01  3.82e-01  3.26e-01  2.64e-01  1.95e-01 
 1 32  2.72e-01  2.85e-01  2.89e-01  2.81e-01  2.64e-01  2.51e-01  2.36e-01  2.03e-01  1.64e-01  1.22e-01 
 1 33  2.42e-01  2.51e-01  2.50e-01  2.36e-01  2.12e-01  1.96e-01  1.83e-01  1.60e-01  1.32e-01  9.88e-02 
 1 34  1.23e-02  9.71e-03  8.86e-03  8.02e-03  6.23e-03  4.54e-03  2.98e-03  1.57e-03  9.36e-04  5.53e-04 
 2  3  1.55e+00  1.82e+00  2.12e+00  2.23e+00  1.93e+00  1.58e+00  1.30e+00  1.05e+00  8.93e-01  7.42e-01 
 2  4  6.50e-01  7.78e-01  9.03e-01  9.29e-01  7.54e-01  5.80e-01  4.40e-01  3.24e-01  2.72e-01  2.37e-01 
 2  5  1.76e-01  2.34e-01  2.75e-01  2.77e-01  2.17e-01  1.62e-01  1.18e-01  7.77e-02  5.50e-02  3.71e-02 
 2  6  8.52e-01  7.51e-01  6.30e-01  5.12e-01  3.78e-01  3.04e-01  2.51e-01  1.99e-01  1.57e-01  1.15e-01 
 2  7  6.54e-01  6.22e-01  6.04e-01  5.90e-01  5.60e-01  5.29e-01  4.93e-01  4.20e-01  3.36e-01  2.46e-01 
 2  8  6.62e-01  6.61e-01  6.54e-01  6.32e-01  5.74e-01  5.26e-01  4.80e-01  4.01e-01  3.19e-01  2.33e-01 
 2  9  5.29e-01  5.38e-01  5.38e-01  5.35e-01  5.12e-01  4.84e-01  4.52e-01  3.85e-01  3.08e-01  2.26e-01 
 2 10  4.24e-01  3.55e-01  3.06e-01  2.59e-01  2.00e-01  1.66e-01  1.41e-01  1.14e-01  9.07e-02  6.66e-02 
 2 11  1.41e-01  1.08e-01  8.99e-02  7.55e-02  5.91e-02  4.88e-02  4.11e-02  3.27e-02  2.57e-02  1.86e-02 
 2 12  5.60e-01  5.24e-01  5.21e-01  4.98e-01  4.23e-01  3.61e-01  3.10e-01  2.49e-01  1.97e-01  1.43e-01 
 2 13  5.47e-01  5.39e-01  5.39e-01  5.09e-01  4.29e-01  3.70e-01  3.25e-01  2.70e-01  2.17e-01  1.60e-01 
 2 14  3.23e-01  3.29e-01  3.33e-01  3.28e-01  2.91e-01  2.56e-01  2.23e-01  1.81e-01  1.42e-01  1.03e-01 
 2 15  7.82e-01  7.43e-01  6.87e-01  6.31e-01  5.51e-01  4.96e-01  4.49e-01  3.77e-01  3.02e-01  2.22e-01 
 2 16  6.65e-01  6.10e-01  5.81e-01  5.45e-01  4.73e-01  4.22e-01  3.82e-01  3.25e-01  2.64e-01  1.95e-01 
 2 17  5.19e-01  4.55e-01  4.12e-01  3.78e-01  3.30e-01  2.96e-01  2.67e-01  2.22e-01  1.78e-01  1.30e-01 
 2 18  4.04e-01  6.83e-01  9.37e-01  1.00e+00  8.28e-01  6.15e-01  4.24e-01  2.46e-01  1.59e-01  9.96e-02 
 2 19  7.47e-02  6.98e-02  5.34e-02  3.63e-02  1.98e-02  1.20e-02  6.92e-03  3.18e-03  1.72e-03  9.20e-04 
 2 20  3.07e-01  3.51e-01  3.70e-01  3.55e-01  3.02e-01  2.61e-01  2.29e-01  1.89e-01  1.51e-01  1.11e-01 
 2 21  1.43e-01  1.62e-01  1.79e-01  1.80e-01  1.60e-01  1.44e-01  1.30e-01  1.11e-01  8.98e-02  6.66e-02 
 2 22  3.43e-01  4.13e-01  4.54e-01  4.49e-01  3.94e-01  3.49e-01  3.12e-01  2.62e-01  2.11e-01  1.56e-01 
 2 23  3.74e-02  4.03e-02  4.25e-02  3.87e-02  2.74e-02  1.86e-02  1.17e-02  5.86e-03  3.37e-03  1.92e-03 
 2 24  5.67e-03  1.01e-02  1.11e-02  9.54e-03  6.31e-03  4.23e-03  2.68e-03  1.38e-03  8.21e-04  4.80e-04 
 2 25  4.11e-02  4.35e-02  3.90e-02  3.14e-02  2.02e-02  1.33e-02  8.26e-03  4.12e-03  2.39e-03  1.38e-03 
 2 26  6.63e-01  1.02e+00  1.22e+00  1.21e+00  9.93e-01  7.88e-01  6.31e-01  5.50e-01  5.59e-01  5.94e-01 
 2 27  5.53e-02  5.80e-02  4.75e-02  3.45e-02  2.09e-02  1.38e-02  8.78e-03  4.71e-03  2.93e-03  1.80e-03 
 2 28  5.44e-02  4.69e-02  4.39e-02  4.20e-02  3.90e-02  3.68e-02  3.48e-02  3.04e-02  2.46e-02  1.81e-02 
 2 29  1.51e-01  1.28e-01  1.16e-01  1.06e-01  9.43e-02  8.76e-02  8.14e-02  7.01e-02  5.71e-02  4.25e-02 
 2 30  2.00e-01  2.00e-01  2.00e-01  1.94e-01  1.82e-01  1.73e-01  1.62e-01  1.40e-01  1.13e-01  8.36e-02 
 2 31  2.93e-01  3.19e-01  3.25e-01  3.14e-01  2.91e-01  2.75e-01  2.58e-01  2.22e-01  1.79e-01  1.33e-01 
 2 32  1.82e-01  1.93e-01  1.94e-01  1.81e-01  1.57e-01  1.41e-01  1.27e-01  1.06e-01  8.54e-02  6.30e-02 
 2 33  1.84e-01  1.90e-01  1.90e-01  1.84e-01  1.70e-01  1.60e-01  1.50e-01  1.31e-01  1.07e-01  8.04e-02 
 2 34  1.09e-02  1.00e-02  9.70e-03  8.93e-03  6.78e-03  4.80e-03  3.06e-03  1.54e-03  8.86e-04  5.06e-04 
 3  4  1.00e+00  1.19e+00  1.37e+00  1.41e+00  1.20e+00  9.82e-01  8.15e-01  6.65e-01  5.53e-01  4.36e-01 
 3  5  2.96e-01  3.18e-01  3.50e-01  3.55e-01  2.87e-01  2.21e-01  1.71e-01  1.38e-01  1.31e-01  1.31e-01 
 3  6  6.69e-01  5.48e-01  4.39e-01  3.40e-01  2.34e-01  1.76e-01  1.37e-01  1.01e-01  7.70e-02  5.51e-02 
 3  7  2.51e-01  2.24e-01  2.12e-01  2.06e-01  1.96e-01  1.86e-01  1.73e-01  1.47e-01  1.18e-01  8.63e-02 
 3  8  4.52e-01  4.44e-01  4.36e-01  4.20e-01  3.84e-01  3.54e-01  3.24e-01  2.72e-01  2.17e-01  1.59e-01 
 3  9  5.03e-01  5.10e-01  5.09e-01  5.02e-01  4.73e-01  4.43e-01  4.11e-01  3.48e-01  2.78e-01  2.03e-01 
 3 10  4.22e-01  3.44e-01  2.90e-01  2.44e-01  1.88e-01  1.56e-01  1.32e-01  1.07e-01  8.55e-02  6.29e-02 
 3 11  1.47e-01  1.18e-01  1.02e-01  8.82e-02  7.11e-02  6.09e-02  5.35e-02  4.47e-02  3.62e-02  2.68e-02 
 3 12  3.64e-01  3.24e-01  3.16e-01  3.01e-01  2.57e-01  2.21e-01  1.90e-01  1.52e-01  1.19e-01  8.59e-02 
 3 13  4.05e-01  3.98e-01  4.04e-01  3.87e-01  3.26e-01  2.79e-01  2.42e-01  1.98e-01  1.58e-01  1.16e-01 
 3 14  3.44e-01  3.57e-01  3.65e-01  3.52e-01  3.04e-01  2.66e-01  2.33e-01  1.92e-01  1.54e-01  1.13e-01 
 3 15  3.50e-01  3.40e-01  3.10e-01  2.80e-01  2.43e-01  2.19e-01  1.97e-01  1.64e-01  1.31e-01  9.52e-02 
 3 16  5.65e-01  5.12e-01  4.76e-01  4.44e-01  3.91e-01  3.53e-01  3.22e-01  2.73e-01  2.20e-01  1.63e-01 
 3 17  5.65e-01  5.07e-01  4.76e-01  4.48e-01  3.97e-01  3.60e-01  3.28e-01  2.78e-01  2.24e-01  1.65e-01 
 3 18  2.87e-01  4.89e-01  6.68e-01  7.10e-01  5.83e-01  4.33e-01  2.98e-01  1.74e-01  1.12e-01  7.03e-02 
 3 19  1.52e-02  1.95e-02  1.68e-02  1.26e-02  7.62e-03  4.89e-03  2.95e-03  1.39e-03  7.59e-04  4.09e-04 
 3 20  2.16e-01  2.61e-01  2.81e-01  2.71e-01  2.30e-01  1.99e-01  1.74e-01  1.44e-01  1.16e-01  8.57e-02 
 3 21  1.62e-01  1.85e-01  1.96e-01  1.86e-01  1.56e-01  1.35e-01  1.19e-01  9.99e-02  8.09e-02  5.99e-02 
 3 22  2.06e-01  2.38e-01  2.61e-01  2.62e-01  2.36e-01  2.12e-01  1.90e-01  1.59e-01  1.27e-01  9.36e-02 
 3 23  3.02e-02  3.28e-02  3.45e-02  3.15e-02  2.23e-02  1.52e-02  9.59e-03  4.88e-03  2.86e-03  1.66e-03 
 3 24  3.88e-03  8.45e-03  1.01e-02  9.06e-03  6.06e-03  4.01e-03  2.48e-03  1.23e-03  7.13e-04  4.09e-04 
 3 25  4.45e-02  4.60e-02  4.06e-02  3.22e-02  2.04e-02  1.33e-02  8.11e-03  4.00e-03  2.30e-03  1.31e-03 
 3 26  4.55e-01  7.15e-01  8.71e-01  8.66e-01  7.16e-01  5.68e-01  4.54e-01  3.93e-01  3.97e-01  4.21e-01 
 3 27  4.53e-02  4.56e-02  3.74e-02  2.74e-02  1.69e-02  1.13e-02  7.39e-03  4.12e-03  2.63e-03  1.66e-03 
 3 28  4.35e-02  3.75e-02  3.48e-02  3.22e-02  2.83e-02  2.59e-02  2.41e-02  2.11e-02  1.75e-02  1.32e-02 
 3 29  1.21e-01  1.02e-01  9.38e-02  8.57e-02  7.54e-02  6.89e-02  6.36e-02  5.50e-02  4.50e-02  3.37e-02 
 3 30  1.82e-01  1.84e-01  1.82e-01  1.72e-01  1.55e-01  1.44e-01  1.33e-01  1.13e-01  9.15e-02  6.77e-02 
 3 31  1.45e-01  1.55e-01  1.59e-01  1.56e-01  1.47e-01  1.40e-01  1.31e-01  1.13e-01  9.12e-02  6.75e-02 
 3 32  1.69e-01  1.79e-01  1.80e-01  1.70e-01  1.52e-01  1.40e-01  1.29e-01  1.10e-01  8.85e-02  6.54e-02 
 3 33  1.26e-01  1.29e-01  1.28e-01  1.25e-01  1.19e-01  1.13e-01  1.06e-01  9.20e-02  7.51e-02  5.60e-02 
 3 34  7.74e-03  7.74e-03  7.55e-03  6.87e-03  5.08e-03  3.54e-03  2.21e-03  1.07e-03  5.99e-04  3.31e-04 
 4  5  3.78e-01  4.42e-01  5.04e-01  5.20e-01  4.56e-01  3.88e-01  3.35e-01  2.83e-01  2.33e-01  1.75e-01 
 4  6  4.44e-01  3.38e-01  2.59e-01  1.93e-01  1.24e-01  8.75e-02  6.29e-02  4.24e-02  3.09e-02  2.15e-02 
 4  7  5.85e-02  5.07e-02  4.76e-02  4.58e-02  4.27e-02  3.97e-02  3.63e-02  3.02e-02  2.38e-02  1.72e-02 
 4  8  2.51e-01  2.36e-01  2.27e-01  2.22e-01  2.10e-01  1.98e-01  1.85e-01  1.57e-01  1.26e-01  9.20e-02 
 4  9  3.35e-01  3.42e-01  3.39e-01  3.28e-01  2.98e-01  2.73e-01  2.49e-01  2.08e-01  1.66e-01  1.21e-01 
 4 10  3.23e-01  2.54e-01  2.10e-01  1.74e-01  1.34e-01  1.12e-01  9.54e-02  7.74e-02  6.18e-02  4.54e-02 
 4 11  1.11e-01  9.20e-02  7.99e-02  6.83e-02  5.44e-02  4.66e-02  4.10e-02  3.42e-02  2.75e-02  2.02e-02 
 4 12  2.41e-01  2.10e-01  2.00e-01  1.89e-01  1.65e-01  1.46e-01  1.29e-01  1.04e-01  8.19e-02  5.93e-02 
 4 13  2.36e-01  2.34e-01  2.41e-01  2.36e-01  2.05e-01  1.77e-01  1.54e-01  1.25e-01  9.91e-02  7.22e-02 
 4 14  2.50e-01  2.65e-01  2.74e-01  2.62e-01  2.20e-01  1.89e-01  1.66e-01  1.38e-01  1.11e-01  8.21e-02 
 4 15  1.22e-01  1.21e-01  1.11e-01  9.94e-02  8.54e-02  7.63e-02  6.83e-02  5.61e-02  4.44e-02  3.22e-02 
 4 16  3.88e-01  3.43e-01  3.08e-01  2.82e-01  2.51e-01  2.29e-01  2.10e-01  1.77e-01  1.42e-01  1.04e-01 
 4 17  4.39e-01  3.93e-01  3.71e-01  3.51e-01  3.10e-01  2.80e-01  2.56e-01  2.19e-01  1.77e-01  1.31e-01 
 4 18  1.71e-01  2.93e-01  3.99e-01  4.22e-01  3.44e-01  2.55e-01  1.76e-01  1.03e-01  6.64e-02  4.18e-02 
 4 19  5.12e-03  7.33e-03  6.44e-03  4.84e-03  2.94e-03  1.89e-03  1.14e-03  5.32e-04  2.86e-04  1.51e-04 
 4 20  1.19e-01  1.46e-01  1.61e-01  1.58e-01  1.37e-01  1.20e-01  1.06e-01  8.97e-02  7.26e-02  5.38e-02 
 4 21  1.27e-01  1.50e-01  1.55e-01  1.43e-01  1.16e-01  9.74e-02  8.40e-02  6.91e-02  5.57e-02  4.12e-02 
 4 22  1.10e-01  1.26e-01  1.36e-01  1.38e-01  1.26e-01  1.13e-01  1.02e-01  8.40e-02  6.68e-02  4.88e-02 
 4 23  2.20e-02  2.39e-02  2.42e-02  2.15e-02  1.50e-02  1.02e-02  6.47e-03  3.40e-03  2.06e-03  1.23e-03 
 4 24  2.70e-03  5.95e-03  7.38e-03  6.77e-03  4.57e-03  2.99e-03  1.81e-03  8.53e-04  4.66e-04  2.51e-04 
 4 25  3.13e-02  3.23e-02  2.86e-02  2.28e-02  1.45e-02  9.41e-03  5.80e-03  2.92e-03  1.72e-03  1.01e-03 
 4 26  2.69e-01  4.27e-01  5.24e-01  5.20e-01  4.23e-01  3.33e-01  2.66e-01  2.32e-01  2.36e-01  2.50e-01 
 4 27  3.10e-02  2.84e-02  2.29e-02  1.69e-02  1.07e-02  7.29e-03  4.88e-03  2.85e-03  1.89e-03  1.22e-03 
 4 28  2.85e-02  2.43e-02  2.19e-02  1.91e-02  1.56e-02  1.36e-02  1.21e-02  1.02e-02  8.12e-03  5.92e-03 
 4 29  8.43e-02  6.99e-02  6.49e-02  6.02e-02  5.30e-02  4.83e-02  4.46e-02  3.89e-02  3.21e-02  2.41e-02 
 4 30  1.16e-01  1.19e-01  1.17e-01  1.08e-01  9.36e-02  8.47e-02  7.70e-02  6.49e-02  5.22e-02  3.86e-02 
 4 31  5.54e-02  5.76e-02  5.92e-02  5.89e-02  5.62e-02  5.35e-02  5.00e-02  4.27e-02  3.44e-02  2.54e-02 
 4 32  1.28e-01  1.36e-01  1.37e-01  1.32e-01  1.22e-01  1.16e-01  1.09e-01  9.38e-02  7.60e-02  5.63e-02 
 4 33  7.12e-02  7.23e-02  7.12e-02  6.98e-02  6.74e-02  6.47e-02  6.10e-02  5.29e-02  4.30e-02  3.20e-02 
 4 34  4.21e-03  4.37e-03  4.24e-03  3.88e-03  2.90e-03  2.01e-03  1.24e-03  5.83e-04  3.15e-04  1.67e-04 
 5  6  1.48e-01  1.11e-01  8.39e-02  6.15e-02  3.82e-02  2.58e-02  1.75e-02  1.09e-02  7.58e-03  5.13e-03 
 5  7  1.95e-03  2.30e-03  2.34e-03  2.12e-03  1.59e-03  1.16e-03  7.71e-04  4.09e-04  2.46e-04  1.46e-04 
 5  8  8.22e-02  7.24e-02  6.84e-02  6.74e-02  6.59e-02  6.36e-02  6.02e-02  5.15e-02  4.11e-02  2.98e-02 
 5  9  1.17e-01  1.20e-01  1.18e-01  1.13e-01  9.93e-02  8.91e-02  8.00e-02  6.62e-02  5.25e-02  3.82e-02 
 5 10  1.26e-01  9.67e-02  7.86e-02  6.43e-02  4.92e-02  4.08e-02  3.48e-02  2.82e-02  2.24e-02  1.63e-02 
 5 11  4.40e-02  3.61e-02  3.10e-02  2.62e-02  2.07e-02  1.78e-02  1.56e-02  1.28e-02  1.03e-02  7.58e-03 
 5 12  8.87e-02  7.63e-02  7.14e-02  6.70e-02  5.93e-02  5.32e-02  4.76e-02  3.90e-02  3.08e-02  2.23e-02 
 5 13  7.91e-02  7.93e-02  8.20e-02  8.12e-02  7.17e-02  6.26e-02  5.46e-02  4.39e-02  3.43e-02  2.47e-02 
 5 14  8.95e-02  9.52e-02  9.94e-02  9.48e-02  7.86e-02  6.71e-02  5.86e-02  4.89e-02  3.96e-02  2.94e-02 
 5 15  2.43e-02  2.50e-02  2.28e-02  2.02e-02  1.73e-02  1.54e-02  1.37e-02  1.12e-02  8.74e-03  6.27e-03 
 5 16  1.41e-01  1.24e-01  1.10e-01  9.92e-02  8.79e-02  8.07e-02  7.39e-02  6.20e-02  4.94e-02  3.61e-02 
 5 17  1.65e-01  1.46e-01  1.38e-01  1.30e-01  1.15e-01  1.04e-01  9.51e-02  8.10e-02  6.52e-02  4.77e-02 
 5 18  5.73e-02  9.85e-02  1.34e-01  1.41e-01  1.15e-01  8.48e-02  5.85e-02  3.41e-02  2.19e-02  1.37e-02 
 5 19  1.22e-03  1.95e-03  1.72e-03  1.27e-03  7.50e-04  4.88e-04  3.03e-04  1.44e-04  7.72e-05  4.00e-05 
 5 20  3.84e-02  4.74e-02  5.26e-02  5.20e-02  4.53e-02  4.00e-02  3.59e-02  3.05e-02  2.49e-02  1.85e-02 
 5 21  4.61e-02  5.50e-02  5.70e-02  5.22e-02  4.18e-02  3.48e-02  2.98e-02  2.42e-02  1.92e-02  1.40e-02 
 5 22  3.36e-02  3.76e-02  4.10e-02  4.19e-02  3.88e-02  3.51e-02  3.15e-02  2.58e-02  2.02e-02  1.45e-02 
 5 23  7.45e-03  8.57e-03  8.60e-03  7.55e-03  5.20e-03  3.54e-03  2.28e-03  1.23e-03  7.59e-04  4.62e-04 
 5 24  1.15e-03  2.31e-03  2.84e-03  2.65e-03  1.86e-03  1.24e-03  7.60e-04  3.54e-04  1.89e-04  9.81e-05 
 5 25  1.07e-02  1.11e-02  9.85e-03  7.92e-03  5.09e-03  3.34e-03  2.07e-03  1.07e-03  6.38e-04  3.79e-04 
 5 26  8.81e-02  1.41e-01  1.75e-01  1.73e-01  1.39e-01  1.08e-01  8.66e-02  7.61e-02  7.79e-02  8.30e-02 
 5 27  1.11e-02  9.43e-03  7.56e-03  5.65e-03  3.64e-03  2.53e-03  1.73e-03  1.03e-03  6.82e-04  4.39e-04 
 5 28  1.08e-02  9.09e-03  7.88e-03  6.53e-03  5.00e-03  4.17e-03  3.55e-03  2.88e-03  2.30e-03  1.70e-03 
 5 29  2.84e-02  2.40e-02  2.27e-02  2.15e-02  1.91e-02  1.75e-02  1.62e-02  1.41e-02  1.14e-02  8.38e-03 
 5 30  4.05e-02  4.05e-02  3.94e-02  3.58e-02  3.04e-02  2.70e-02  2.43e-02  2.03e-02  1.63e-02  1.21e-02 
 5 31  1.33e-02  1.30e-02  1.33e-02  1.34e-02  1.28e-02  1.21e-02  1.12e-02  9.45e-03  7.58e-03  5.57e-03 
 5 32  4.89e-02  5.12e-02  5.15e-02  4.99e-02  4.73e-02  4.54e-02  4.30e-02  3.68e-02  2.93e-02  2.12e-02 
 5 33  2.28e-02  2.31e-02  2.27e-02  2.23e-02  2.17e-02  2.09e-02  1.98e-02  1.71e-02  1.39e-02  1.03e-02 
 5 34  1.44e-03  1.55e-03  1.50e-03  1.36e-03  1.00e-03  6.84e-04  4.17e-04  1.92e-04  1.01e-04  5.24e-05 
 6  7  3.69e-01  3.82e-01  3.94e-01  4.03e-01  3.65e-01  3.16e-01  2.67e-01  2.05e-01  1.62e-01  1.27e-01 
 6  8  2.90e-01  2.92e-01  2.83e-01  2.70e-01  2.33e-01  1.98e-01  1.66e-01  1.26e-01  9.89e-02  7.50e-02 
 6  9  3.22e-01  2.99e-01  2.74e-01  2.41e-01  1.83e-01  1.42e-01  1.10e-01  7.91e-02  6.14e-02  4.73e-02 
 6 10  1.11e+00  1.09e+00  9.83e-01  8.34e-01  5.96e-01  4.44e-01  3.36e-01  2.45e-01  1.87e-01  1.34e-01 
 6 11  3.48e-01  3.17e-01  2.77e-01  2.27e-01  1.53e-01  1.08e-01  7.72e-02  5.16e-02  3.76e-02  2.62e-02 
 6 12  1.40e+00  1.16e+00  1.06e+00  9.58e-01  7.73e-01  6.39e-01  5.28e-01  4.15e-01  3.43e-01  2.81e-01 
 6 13  1.12e+00  9.64e-01  8.88e-01  8.02e-01  6.43e-01  5.27e-01  4.31e-01  3.27e-01  2.57e-01  1.96e-01 
 6 14  8.72e-01  7.46e-01  6.70e-01  5.91e-01  4.64e-01  3.77e-01  3.07e-01  2.31e-01  1.79e-01  1.35e-01 
 6 15  6.75e-01  6.52e-01  6.03e-01  5.31e-01  4.18e-01  3.42e-01  2.80e-01  2.09e-01  1.61e-01  1.19e-01 
 6 16  5.18e-01  4.81e-01  4.22e-01  3.54e-01  2.62e-01  2.04e-01  1.58e-01  1.12e-01  8.56e-02  6.45e-02 
 6 17  3.62e-01  3.20e-01  2.73e-01  2.24e-01  1.60e-01  1.20e-01  8.98e-02  6.13e-02  4.54e-02  3.33e-02 
 6 18  9.24e-03  2.06e-02  2.44e-02  2.33e-02  1.84e-02  1.31e-02  8.11e-03  3.76e-03  1.98e-03  1.02e-03 
 6 19  3.95e-02  4.05e-02  3.67e-02  3.08e-02  2.13e-02  1.47e-02  9.28e-03  4.63e-03  2.65e-03  1.51e-03 
 6 20  2.69e-01  3.45e-01  3.68e-01  3.54e-01  2.95e-01  2.46e-01  2.05e-01  1.64e-01  1.35e-01  1.10e-01 
 6 21  1.53e-01  1.93e-01  2.04e-01  1.98e-01  1.66e-01  1.40e-01  1.17e-01  9.13e-02  7.24e-02  5.50e-02 
 6 22  3.35e-01  4.51e-01  4.82e-01  4.60e-01  3.73e-01  3.01e-01  2.44e-01  1.90e-01  1.58e-01  1.31e-01 
 6 23  3.82e-01  3.87e-01  4.05e-01  4.25e-01  4.15e-01  3.81e-01  3.40e-01  2.73e-01  2.13e-01  1.53e-01 
 6 24  1.02e-01  1.35e-01  1.58e-01  1.57e-01  1.34e-01  1.17e-01  1.05e-01  8.90e-02  7.23e-02  5.36e-02 
 6 25  5.47e-01  5.62e-01  5.38e-01  5.01e-01  4.47e-01  4.08e-01  3.75e-01  3.24e-01  2.64e-01  1.95e-01 
 6 26  1.60e-01  1.61e-01  1.53e-01  1.31e-01  9.06e-02  6.01e-02  3.60e-02  1.65e-02  8.82e-03  4.68e-03 
 6 27  5.93e-01  5.71e-01  5.33e-01  4.86e-01  4.21e-01  3.82e-01  3.51e-01  3.00e-01  2.42e-01  1.78e-01 
 6 28  9.13e-02  8.82e-02  8.43e-02  7.98e-02  7.46e-02  7.24e-02  7.37e-02  8.16e-02  8.99e-02  9.78e-02 
 6 29  2.46e-01  2.31e-01  2.18e-01  2.03e-01  1.85e-01  1.76e-01  1.74e-01  1.85e-01  1.98e-01  2.11e-01 
 6 30  7.53e-02  8.22e-02  8.09e-02  7.15e-02  5.52e-02  4.37e-02  3.41e-02  2.50e-02  1.97e-02  1.54e-02 
 6 31  3.02e-01  2.90e-01  2.74e-01  2.41e-01  1.94e-01  1.67e-01  1.50e-01  1.44e-01  1.46e-01  1.50e-01 
 6 32  1.29e-01  1.50e-01  1.50e-01  1.33e-01  1.03e-01  8.39e-02  6.92e-02  5.71e-02  5.12e-02  4.68e-02 
 6 33  2.87e-01  3.09e-01  2.98e-01  2.67e-01  2.20e-01  1.87e-01  1.65e-01  1.53e-01  1.53e-01  1.54e-01 
 6 34  1.74e-01  1.49e-01  1.39e-01  1.33e-01  1.23e-01  1.13e-01  1.03e-01  8.61e-02  6.84e-02  5.00e-02 
 7  8  3.11e+00  3.16e+00  3.10e+00  2.85e+00  2.31e+00  1.86e+00  1.50e+00  1.15e+00  9.08e-01  6.79e-01 
 7  9  7.11e-01  6.96e-01  6.49e-01  5.74e-01  4.38e-01  3.37e-01  2.56e-01  1.80e-01  1.36e-01  1.02e-01 
 7 10  1.01e-01  8.90e-02  8.22e-02  7.82e-02  6.97e-02  6.13e-02  5.29e-02  4.15e-02  3.19e-02  2.26e-02 
 7 11  5.36e-03  8.22e-03  9.07e-03  8.05e-03  5.39e-03  3.56e-03  2.17e-03  1.03e-03  5.65e-04  3.05e-04 
 7 12  2.16e+00  1.98e+00  1.86e+00  1.66e+00  1.30e+00  1.03e+00  8.19e-01  6.09e-01  4.84e-01  3.82e-01 
 7 13  9.16e-01  8.42e-01  7.50e-01  6.39e-01  4.90e-01  3.99e-01  3.28e-01  2.54e-01  2.02e-01  1.55e-01 
 7 14  1.96e-01  1.73e-01  1.47e-01  1.18e-01  8.20e-02  6.02e-02  4.38e-02  2.82e-02  1.99e-02  1.39e-02 
 7 15  3.19e+00  3.80e+00  3.95e+00  3.86e+00  3.32e+00  2.81e+00  2.38e+00  1.99e+00  1.76e+00  1.56e+00 
 7 16  1.40e+00  1.48e+00  1.43e+00  1.33e+00  1.13e+00  9.80e-01  8.51e-01  6.95e-01  5.67e-01  4.42e-01 
 7 17  3.51e-01  3.57e-01  3.44e-01  3.28e-01  2.96e-01  2.70e-01  2.43e-01  2.00e-01  1.57e-01  1.14e-01 
 7 18  2.59e-03  3.66e-03  4.55e-03  5.24e-03  5.12e-03  4.01e-03  2.64e-03  1.27e-03  6.77e-04  3.50e-04 
 7 19  2.90e+00  2.91e+00  2.95e+00  2.92e+00  2.65e+00  2.36e+00  2.10e+00  1.71e+00  1.34e+00  9.68e-01 
 7 20  9.93e-02  1.28e-01  1.40e-01  1.35e-01  1.12e-01  9.28e-02  7.53e-02  5.54e-02  4.19e-02  3.02e-02 
 7 21  1.53e-02  2.15e-02  2.44e-02  2.40e-02  1.97e-02  1.58e-02  1.22e-02  8.44e-03  6.09e-03  4.16e-03 
 7 22  3.16e-01  4.69e-01  5.86e-01  5.98e-01  5.03e-01  4.19e-01  3.46e-01  2.60e-01  1.99e-01  1.44e-01 
 7 23  1.43e+00  1.13e+00  1.01e+00  9.29e-01  7.85e-01  6.70e-01  5.76e-01  4.67e-01  3.71e-01  2.71e-01 
 7 24  3.52e-03  3.40e-03  3.43e-03  3.19e-03  2.55e-03  1.98e-03  1.36e-03  7.05e-04  4.03e-04  2.24e-04 
 7 25  2.12e-01  2.41e-01  2.53e-01  2.47e-01  2.19e-01  1.94e-01  1.70e-01  1.35e-01  1.04e-01  7.45e-02 
 7 26  4.87e-02  5.19e-02  4.67e-02  3.82e-02  2.62e-02  1.77e-02  1.09e-02  5.36e-03  3.07e-03  1.74e-03 
 7 27  8.12e-01  7.92e-01  7.04e-01  6.14e-01  5.19e-01  4.63e-01  4.16e-01  3.47e-01  2.77e-01  2.02e-01 
 7 28  1.98e-03  1.86e-03  1.73e-03  1.58e-03  1.43e-03  1.23e-03  9.29e-04  5.97e-04  4.17e-04  2.81e-04 
 7 29  5.58e-02  5.13e-02  5.28e-02  5.28e-02  4.85e-02  4.40e-02  3.93e-02  3.17e-02  2.46e-02  1.75e-02 
 7 30  4.69e-02  4.78e-02  4.86e-02  4.50e-02  3.81e-02  3.33e-02  2.86e-02  2.22e-02  1.71e-02  1.23e-02 
 7 31  1.42e+00  1.43e+00  1.41e+00  1.33e+00  1.18e+00  1.10e+00  1.06e+00  1.09e+00  1.14e+00  1.20e+00 
 7 32  3.09e-01  3.26e-01  3.32e-01  3.10e-01  2.65e-01  2.34e-01  2.05e-01  1.65e-01  1.30e-01  9.55e-02 
 7 33  1.64e-01  1.96e-01  2.16e-01  2.18e-01  2.01e-01  1.81e-01  1.59e-01  1.26e-01  1.01e-01  7.77e-02 
 7 34  7.20e-01  7.13e-01  6.60e-01  5.92e-01  5.29e-01  4.95e-01  4.60e-01  3.91e-01  3.14e-01  2.31e-01 
 8  9  2.44e+00  2.61e+00  2.60e+00  2.36e+00  1.88e+00  1.53e+00  1.25e+00  9.78e-01  7.75e-01  5.78e-01 
 8 10  1.58e-01  1.65e-01  1.66e-01  1.65e-01  1.43e-01  1.19e-01  9.60e-02  7.05e-02  5.51e-02  4.32e-02 
 8 11  6.51e-02  5.67e-02  5.16e-02  4.90e-02  4.45e-02  4.01e-02  3.56e-02  2.86e-02  2.22e-02  1.59e-02 
 8 12  1.52e+00  1.39e+00  1.28e+00  1.13e+00  8.88e-01  7.24e-01  5.97e-01  4.75e-01  3.94e-01  3.21e-01 
 8 13  8.94e-01  9.36e-01  9.17e-01  8.14e-01  6.13e-01  4.72e-01  3.61e-01  2.60e-01  2.06e-01  1.67e-01 
 8 14  8.30e-01  7.50e-01  6.65e-01  5.66e-01  4.37e-01  3.60e-01  3.01e-01  2.37e-01  1.89e-01  1.45e-01 
 8 15  1.31e+00  1.56e+00  1.59e+00  1.51e+00  1.30e+00  1.12e+00  9.63e-01  7.84e-01  6.44e-01  5.09e-01 
 8 16  1.79e+00  2.05e+00  2.04e+00  1.89e+00  1.56e+00  1.32e+00  1.14e+00  9.92e-01  9.15e-01  8.56e-01 
 8 17  1.13e+00  1.21e+00  1.16e+00  1.06e+00  8.90e-01  7.70e-01  6.72e-01  5.54e-01  4.56e-01  3.59e-01 
 8 18  2.37e-03  4.49e-03  5.70e-03  6.46e-03  6.20e-03  4.76e-03  3.08e-03  1.47e-03  7.80e-04  4.02e-04 
 8 19  2.23e+00  2.23e+00  2.26e+00  2.25e+00  2.08e+00  1.89e+00  1.71e+00  1.41e+00  1.12e+00  8.09e-01 
 8 20  1.64e-01  2.38e-01  3.05e-01  3.18e-01  2.74e-01  2.32e-01  1.96e-01  1.50e-01  1.16e-01  8.44e-02 
 8 21  6.68e-02  8.97e-02  1.00e-01  9.65e-02  7.86e-02  6.35e-02  5.00e-02  3.55e-02  2.66e-02  1.95e-02 
 8 22  1.55e-01  2.30e-01  2.73e-01  2.73e-01  2.30e-01  1.90e-01  1.55e-01  1.16e-01  9.20e-02  7.17e-02 
 8 23  1.26e+00  9.76e-01  8.67e-01  7.92e-01  6.65e-01  5.66e-01  4.85e-01  3.90e-01  3.09e-01  2.25e-01 
 8 24  8.56e-03  1.08e-02  1.16e-02  1.08e-02  7.77e-03  5.43e-03  3.47e-03  1.72e-03  9.64e-04  5.29e-04 
 8 25  2.11e-01  2.45e-01  2.59e-01  2.47e-01  2.10e-01  1.81e-01  1.54e-01  1.20e-01  9.23e-02  6.56e-02 
 8 26  6.45e-02  6.39e-02  5.69e-02  4.61e-02  3.06e-02  2.01e-02  1.21e-02  5.79e-03  3.24e-03  1.80e-03 
 8 27  6.84e-01  6.79e-01  6.09e-01  5.31e-01  4.44e-01  3.90e-01  3.47e-01  2.87e-01  2.29e-01  1.70e-01 
 8 28  3.39e-02  3.43e-02  3.66e-02  3.72e-02  3.47e-02  3.20e-02  2.90e-02  2.38e-02  1.85e-02  1.32e-02 
 8 29  9.17e-02  9.10e-02  9.22e-02  8.88e-02  7.97e-02  7.09e-02  6.09e-02  4.74e-02  3.80e-02  3.02e-02 
 8 30  3.24e-01  3.17e-01  3.13e-01  2.89e-01  2.51e-01  2.27e-01  2.04e-01  1.67e-01  1.33e-01  9.79e-02 
 8 31  4.35e-01  4.50e-01  4.54e-01  4.25e-01  3.67e-01  3.27e-01  2.90e-01  2.41e-01  2.01e-01  1.62e-01 
 8 32  6.42e-01  6.72e-01  6.82e-01  6.62e-01  6.14e-01  5.93e-01  6.00e-01  6.70e-01  7.55e-01  8.41e-01 
 8 33  9.37e-02  1.11e-01  1.20e-01  1.19e-01  1.08e-01  9.68e-02  8.45e-02  6.68e-02  5.23e-02  3.89e-02 
 8 34  6.52e-01  6.41e-01  5.91e-01  5.29e-01  4.68e-01  4.35e-01  4.02e-01  3.41e-01  2.73e-01  2.01e-01 
 9 10  3.83e-01  3.53e-01  3.29e-01  3.14e-01  2.80e-01  2.47e-01  2.15e-01  1.71e-01  1.37e-01  1.05e-01 
 9 11  5.60e-02  6.36e-02  6.62e-02  6.48e-02  5.11e-02  3.73e-02  2.55e-02  1.49e-02  1.01e-02  7.28e-03 
 9 12  1.13e+00  1.23e+00  1.26e+00  1.16e+00  9.05e-01  6.97e-01  5.29e-01  3.75e-01  2.85e-01  2.10e-01 
 9 13  1.16e+00  1.08e+00  9.95e-01  8.74e-01  6.95e-01  5.78e-01  4.84e-01  3.86e-01  3.19e-01  2.59e-01 
 9 14  9.07e-01  8.92e-01  8.42e-01  7.37e-01  5.58e-01  4.38e-01  3.46e-01  2.61e-01  2.12e-01  1.74e-01 
 9 15  6.18e-01  6.73e-01  6.76e-01  6.43e-01  5.50e-01  4.74e-01  4.10e-01  3.32e-01  2.70e-01  2.10e-01 
 9 16  1.01e+00  1.20e+00  1.19e+00  1.10e+00  9.02e-01  7.59e-01  6.43e-01  5.16e-01  4.18e-01  3.25e-01 
 9 17  1.80e+00  1.99e+00  1.93e+00  1.74e+00  1.43e+00  1.22e+00  1.07e+00  9.34e-01  8.53e-01  7.82e-01 
 9 18  2.47e-03  5.69e-03  7.38e-03  8.88e-03  8.95e-03  6.83e-03  4.35e-03  2.04e-03  1.08e-03  5.56e-04 
 9 19  1.63e+00  1.66e+00  1.67e+00  1.66e+00  1.55e+00  1.42e+00  1.29e+00  1.07e+00  8.50e-01  6.16e-01 
 9 20  1.36e-01  1.95e-01  2.30e-01  2.30e-01  1.88e-01  1.50e-01  1.19e-01  8.57e-02  6.50e-02  4.75e-02 
 9 21  1.37e-01  1.95e-01  2.45e-01  2.55e-01  2.19e-01  1.87e-01  1.58e-01  1.22e-01  9.42e-02  6.91e-02 
 9 22  1.89e-01  2.32e-01  2.52e-01  2.51e-01  2.24e-01  1.97e-01  1.76e-01  1.56e-01  1.43e-01  1.31e-01 
 9 23  1.02e+00  8.39e-01  7.81e-01  7.41e-01  6.43e-01  5.54e-01  4.76e-01  3.82e-01  3.01e-01  2.19e-01 
 9 24  1.79e-02  2.42e-02  2.75e-02  2.67e-02  2.05e-02  1.54e-02  1.11e-02  6.90e-03  4.68e-03  3.06e-03 
 9 25  2.95e-01  3.34e-01  3.36e-01  3.09e-01  2.56e-01  2.19e-01  1.88e-01  1.49e-01  1.15e-01  8.30e-02 
 9 26  9.09e-02  8.47e-02  7.40e-02  5.94e-02  3.88e-02  2.50e-02  1.48e-02  6.90e-03  3.78e-03  2.05e-03 
 9 27  5.51e-01  5.45e-01  5.00e-01  4.41e-01  3.66e-01  3.17e-01  2.77e-01  2.26e-01  1.78e-01  1.30e-01 
 9 28  3.08e-02  3.22e-02  3.34e-02  3.18e-02  2.70e-02  2.27e-02  1.84e-02  1.33e-02  1.01e-02  7.59e-03 
 9 29  1.33e-01  1.30e-01  1.32e-01  1.29e-01  1.19e-01  1.09e-01  9.68e-02  7.85e-02  6.32e-02  4.90e-02 
 9 30  5.99e-01  5.99e-01  5.97e-01  5.73e-01  5.29e-01  5.09e-01  5.08e-01  5.48e-01  5.99e-01  6.51e-01 
 9 31  2.26e-01  2.36e-01  2.36e-01  2.20e-01  1.88e-01  1.65e-01  1.48e-01  1.34e-01  1.28e-01  1.25e-01 
 9 32  3.50e-01  3.70e-01  3.80e-01  3.58e-01  3.12e-01  2.81e-01  2.51e-01  2.08e-01  1.67e-01  1.27e-01 
 9 33  9.44e-02  9.50e-02  9.20e-02  8.34e-02  7.03e-02  6.08e-02  5.20e-02  4.14e-02  3.36e-02  2.64e-02 
 9 34  5.33e-01  5.45e-01  5.11e-01  4.55e-01  3.89e-01  3.52e-01  3.20e-01  2.68e-01  2.14e-01  1.57e-01 
10 11  3.09e-01  3.05e-01  2.87e-01  2.56e-01  2.01e-01  1.63e-01  1.34e-01  1.07e-01  8.57e-02  6.30e-02 
10 12  6.61e-01  5.58e-01  5.06e-01  4.49e-01  3.48e-01  2.75e-01  2.17e-01  1.57e-01  1.18e-01  8.51e-02 
10 13  6.01e-01  5.36e-01  5.07e-01  4.60e-01  3.59e-01  2.86e-01  2.28e-01  1.73e-01  1.44e-01  1.23e-01 
10 14  3.49e-01  3.35e-01  3.42e-01  3.25e-01  2.60e-01  2.09e-01  1.66e-01  1.24e-01  9.71e-02  7.51e-02 
10 15  3.20e-01  3.04e-01  2.76e-01  2.39e-01  1.79e-01  1.40e-01  1.10e-01  7.89e-02  6.20e-02  4.98e-02 
10 16  2.94e-01  2.82e-01  2.64e-01  2.37e-01  1.88e-01  1.54e-01  1.25e-01  9.31e-02  7.02e-02  4.96e-02 
10 17  4.42e-01  3.84e-01  3.33e-01  2.82e-01  2.13e-01  1.71e-01  1.37e-01  1.01e-01  7.87e-02  6.14e-02 
10 18  5.25e-03  1.33e-02  1.54e-02  1.42e-02  1.09e-02  7.63e-03  4.70e-03  2.17e-03  1.14e-03  5.89e-04 
10 19  1.86e-02  1.88e-02  1.68e-02  1.41e-02  9.89e-03  6.96e-03  4.50e-03  2.30e-03  1.34e-03  7.72e-04 
10 20  1.29e-01  1.84e-01  2.05e-01  1.99e-01  1.59e-01  1.25e-01  9.67e-02  6.84e-02  5.12e-02  3.69e-02 
10 21  1.06e-01  1.46e-01  1.59e-01  1.52e-01  1.20e-01  9.57e-02  7.66e-02  6.07e-02  5.27e-02  4.64e-02 
10 22  2.16e-01  2.87e-01  3.05e-01  2.90e-01  2.36e-01  1.96e-01  1.64e-01  1.30e-01  1.07e-01  8.51e-02 
10 23  2.60e-01  2.69e-01  2.83e-01  2.99e-01  2.98e-01  2.78e-01  2.52e-01  2.05e-01  1.61e-01  1.15e-01 
10 24  7.24e-02  9.97e-02  1.20e-01  1.20e-01  1.03e-01  9.03e-02  8.03e-02  6.71e-02  5.39e-02  3.95e-02 
10 25  3.69e-01  3.68e-01  3.47e-01  3.24e-01  2.89e-01  2.63e-01  2.41e-01  2.07e-01  1.68e-01  1.24e-01 
10 26  9.96e-02  1.01e-01  9.42e-02  7.93e-02  5.31e-02  3.44e-02  2.02e-02  9.13e-03  4.84e-03  2.55e-03 
10 27  3.46e-01  3.52e-01  3.30e-01  2.98e-01  2.55e-01  2.30e-01  2.10e-01  1.78e-01  1.44e-01  1.06e-01 
10 28  4.26e-02  3.68e-02  3.35e-02  2.87e-02  2.13e-02  1.62e-02  1.21e-02  8.17e-03  5.87e-03  4.01e-03 
10 29  1.39e-01  1.34e-01  1.30e-01  1.18e-01  9.81e-02  8.44e-02  7.57e-02  7.34e-02  7.60e-02  7.96e-02 
10 30  1.01e-01  1.08e-01  1.07e-01  9.56e-02  7.66e-02  6.47e-02  5.63e-02  4.99e-02  4.69e-02  4.46e-02 
10 31  9.63e-02  9.91e-02  9.43e-02  8.16e-02  6.36e-02  5.23e-02  4.30e-02  3.26e-02  2.50e-02  1.81e-02 
10 32  1.20e-01  1.25e-01  1.19e-01  1.05e-01  8.50e-02  7.31e-02  6.61e-02  6.58e-02  7.00e-02  7.50e-02 
10 33  2.23e-01  2.19e-01  2.09e-01  1.96e-01  1.79e-01  1.69e-01  1.68e-01  1.79e-01  1.91e-01  2.03e-01 
10 34  1.10e-01  9.63e-02  8.98e-02  8.52e-02  7.86e-02  7.25e-02  6.59e-02  5.45e-02  4.32e-02  3.15e-02 
11 12  2.90e-01  2.55e-01  2.32e-01  2.10e-01  1.71e-01  1.43e-01  1.20e-01  9.27e-02  7.33e-02  5.65e-02 
11 13  1.57e-01  1.47e-01  1.45e-01  1.36e-01  1.11e-01  9.06e-02  7.40e-02  5.58e-02  4.24e-02  3.00e-02 
11 14  1.20e-01  1.17e-01  1.20e-01  1.13e-01  8.77e-02  6.71e-02  5.09e-02  3.83e-02  3.38e-02  3.18e-02 
11 15  5.83e-02  4.87e-02  4.27e-02  3.68e-02  2.74e-02  2.10e-02  1.60e-02  1.12e-02  8.11e-03  5.56e-03 
11 16  1.82e-01  1.73e-01  1.53e-01  1.31e-01  9.91e-02  7.96e-02  6.39e-02  4.74e-02  3.84e-02  3.22e-02 
11 17  1.41e-01  1.18e-01  1.06e-01  9.33e-02  7.39e-02  6.07e-02  4.99e-02  3.74e-02  2.82e-02  1.98e-02 
11 18  1.80e-03  4.64e-03  5.45e-03  5.06e-03  3.88e-03  2.73e-03  1.70e-03  7.94e-04  4.21e-04  2.17e-04 
11 19  4.83e-03  5.21e-03  4.59e-03  3.77e-03  2.68e-03  1.96e-03  1.32e-03  7.01e-04  4.17e-04  2.43e-04 
11 20  6.15e-02  7.81e-02  8.43e-02  8.10e-02  6.56e-02  5.34e-02  4.44e-02  3.73e-02  3.36e-02  3.05e-02 
11 21  2.35e-02  3.82e-02  4.46e-02  4.37e-02  3.41e-02  2.56e-02  1.84e-02  1.17e-02  8.13e-03  5.42e-03 
11 22  5.53e-02  7.61e-02  8.50e-02  8.50e-02  7.24e-02  6.08e-02  5.07e-02  3.84e-02  2.91e-02  2.04e-02 
11 23  8.67e-02  9.06e-02  9.56e-02  1.02e-01  1.05e-01  9.97e-02  9.13e-02  7.51e-02  5.90e-02  4.24e-02 
11 24  2.88e-02  4.27e-02  5.19e-02  5.19e-02  4.45e-02  3.89e-02  3.36e-02  2.66e-02  2.08e-02  1.50e-02 
11 25  1.33e-01  1.25e-01  1.17e-01  1.09e-01  9.76e-02  8.88e-02  8.11e-02  6.94e-02  5.64e-02  4.18e-02 
11 26  3.82e-02  3.59e-02  3.24e-02  2.66e-02  1.75e-02  1.12e-02  6.53e-03  2.94e-03  1.56e-03  8.21e-04 
11 27  1.18e-01  1.24e-01  1.15e-01  1.02e-01  8.62e-02  7.71e-02  7.00e-02  5.87e-02  4.67e-02  3.39e-02 
11 28  1.95e-02  1.79e-02  1.68e-02  1.42e-02  9.86e-03  6.75e-03  4.21e-03  2.06e-03  1.16e-03  6.43e-04 
11 29  3.19e-02  3.11e-02  3.01e-02  2.64e-02  1.98e-02  1.49e-02  1.09e-02  7.19e-03  5.11e-03  3.45e-03 
11 30  3.73e-02  4.25e-02  4.19e-02  3.74e-02  3.04e-02  2.64e-02  2.45e-02  2.64e-02  3.01e-02  3.41e-02 
11 31  2.40e-02  2.25e-02  1.99e-02  1.59e-02  1.12e-02  8.29e-03  5.91e-03  3.73e-03  2.62e-03  1.85e-03 
11 32  4.96e-02  5.00e-02  4.82e-02  4.29e-02  3.51e-02  3.03e-02  2.64e-02  2.12e-02  1.65e-02  1.18e-02 
11 33  8.81e-02  8.28e-02  7.83e-02  7.43e-02  6.98e-02  6.81e-02  6.95e-02  7.67e-02  8.36e-02  8.99e-02 
11 34  3.86e-02  3.52e-02  3.28e-02  3.07e-02  2.78e-02  2.53e-02  2.28e-02  1.87e-02  1.48e-02  1.08e-02 
12 13  1.39e+00  1.26e+00  1.21e+00  1.11e+00  8.74e-01  6.94e-01  5.53e-01  4.19e-01  3.25e-01  2.34e-01 
12 14  5.66e-01  5.23e-01  4.88e-01  4.26e-01  3.17e-01  2.43e-01  1.86e-01  1.31e-01  9.83e-02  7.24e-02 
12 15  1.49e+00  1.57e+00  1.61e+00  1.54e+00  1.22e+00  9.62e-01  7.54e-01  5.59e-01  4.45e-01  3.50e-01 
12 16  1.06e+00  1.09e+00  1.05e+00  9.71e-01  7.85e-01  6.45e-01  5.35e-01  4.22e-01  3.43e-01  2.71e-01 
12 17  5.81e-01  5.82e-01  5.36e-01  4.64e-01  3.44e-01  2.64e-01  2.04e-01  1.52e-01  1.25e-01  1.04e-01 
12 18  6.51e-03  1.61e-02  2.06e-02  2.19e-02  1.91e-02  1.39e-02  8.67e-03  4.02e-03  2.12e-03  1.09e-03 
12 19  1.03e+00  1.02e+00  9.57e-01  9.02e-01  8.25e-01  7.53e-01  6.81e-01  5.62e-01  4.43e-01  3.21e-01 
12 20  4.10e-01  4.67e-01  4.84e-01  4.73e-01  4.25e-01  3.84e-01  3.53e-01  3.23e-01  2.98e-01  2.71e-01 
12 21  1.41e-01  1.55e-01  1.62e-01  1.57e-01  1.33e-01  1.12e-01  9.43e-02  7.33e-02  5.67e-02  4.07e-02 
12 22  8.04e-01  9.29e-01  9.56e-01  9.27e-01  8.28e-01  7.46e-01  6.86e-01  6.37e-01  6.01e-01  5.62e-01 
12 23  1.03e+00  9.93e-01  1.00e+00  9.92e-01  9.23e-01  8.41e-01  7.57e-01  6.27e-01  4.98e-01  3.62e-01 
12 24  6.42e-02  6.92e-02  7.32e-02  7.23e-02  6.06e-02  4.99e-02  4.02e-02  2.92e-02  2.17e-02  1.51e-02 
12 25  6.08e-01  6.38e-01  6.25e-01  5.85e-01  5.20e-01  4.74e-01  4.31e-01  3.60e-01  2.87e-01  2.09e-01 
12 26  2.95e-01  2.55e-01  2.25e-01  1.81e-01  1.15e-01  7.30e-02  4.24e-02  1.91e-02  1.01e-02  5.33e-03 
12 27  4.66e-01  5.46e-01  5.49e-01  5.07e-01  4.19e-01  3.56e-01  3.06e-01  2.47e-01  1.96e-01  1.44e-01 
12 28  7.19e-02  7.07e-02  6.98e-02  6.74e-02  6.37e-02  6.02e-02  5.53e-02  4.62e-02  3.81e-02  3.04e-02 
12 29  1.33e-01  1.34e-01  1.34e-01  1.24e-01  1.06e-01  9.32e-02  8.07e-02  6.37e-02  5.00e-02  3.70e-02 
12 30  1.70e-01  1.67e-01  1.71e-01  1.65e-01  1.46e-01  1.32e-01  1.21e-01  1.10e-01  1.03e-01  9.57e-02 
12 31  7.42e-01  7.67e-01  7.72e-01  7.29e-01  6.32e-01  5.63e-01  5.18e-01  5.04e-01  5.17e-01  5.35e-01 
12 32  3.30e-01  3.38e-01  3.40e-01  3.26e-01  2.90e-01  2.61e-01  2.36e-01  2.10e-01  1.92e-01  1.75e-01 
12 33  2.47e-01  2.65e-01  2.62e-01  2.35e-01  1.95e-01  1.69e-01  1.47e-01  1.24e-01  1.10e-01  9.74e-02 
12 34  3.81e-01  3.97e-01  3.77e-01  3.36e-01  2.76e-01  2.39e-01  2.08e-01  1.70e-01  1.35e-01  9.86e-02 
13 14  1.15e+00  1.09e+00  1.09e+00  1.01e+00  8.13e-01  6.56e-01  5.36e-01  4.19e-01  3.31e-01  2.42e-01 
13 15  7.40e-01  7.79e-01  7.83e-01  7.41e-01  5.99e-01  4.85e-01  3.95e-01  3.04e-01  2.43e-01  1.89e-01 
13 16  8.13e-01  8.37e-01  8.50e-01  7.98e-01  6.06e-01  4.56e-01  3.40e-01  2.43e-01  1.97e-01  1.65e-01 
13 17  8.84e-01  8.39e-01  7.94e-01  7.23e-01  5.70e-01  4.58e-01  3.71e-01  2.85e-01  2.26e-01  1.71e-01 
13 18  5.61e-03  1.34e-02  1.63e-02  1.74e-02  1.58e-02  1.17e-02  7.35e-03  3.42e-03  1.80e-03  9.26e-04 
13 19  4.99e-01  5.35e-01  5.21e-01  5.13e-01  5.01e-01  4.76e-01  4.41e-01  3.70e-01  2.93e-01  2.12e-01 
13 20  4.25e-01  5.01e-01  5.20e-01  4.99e-01  4.33e-01  3.84e-01  3.50e-01  3.24e-01  3.09e-01  2.95e-01 
13 21  3.28e-01  3.55e-01  3.57e-01  3.43e-01  3.03e-01  2.73e-01  2.52e-01  2.34e-01  2.21e-01  2.06e-01 
13 22  4.67e-01  5.58e-01  5.76e-01  5.53e-01  4.85e-01  4.28e-01  3.84e-01  3.40e-01  3.05e-01  2.70e-01 
13 23  8.85e-01  8.54e-01  8.50e-01  8.43e-01  7.97e-01  7.40e-01  6.77e-01  5.68e-01  4.53e-01  3.30e-01 
13 24  6.13e-02  6.74e-02  7.10e-02  6.93e-02  5.68e-02  4.57e-02  3.59e-02  2.53e-02  1.84e-02  1.26e-02 
13 25  5.68e-01  6.04e-01  5.95e-01  5.58e-01  4.94e-01  4.49e-01  4.08e-01  3.41e-01  2.72e-01  1.99e-01 
13 26  3.06e-01  2.58e-01  2.21e-01  1.76e-01  1.11e-01  6.98e-02  4.02e-02  1.79e-02  9.46e-03  4.94e-03 
13 27  3.79e-01  4.51e-01  4.58e-01  4.24e-01  3.48e-01  2.93e-01  2.49e-01  1.99e-01  1.57e-01  1.15e-01 
13 28  3.65e-02  3.68e-02  3.68e-02  3.31e-02  2.62e-02  2.13e-02  1.69e-02  1.20e-02  8.78e-03  6.01e-03 
13 29  1.77e-01  1.71e-01  1.63e-01  1.47e-01  1.28e-01  1.15e-01  1.03e-01  8.81e-02  7.75e-02  6.78e-02 
13 30  2.40e-01  2.38e-01  2.40e-01  2.31e-01  2.05e-01  1.83e-01  1.64e-01  1.46e-01  1.33e-01  1.22e-01 
13 31  2.97e-01  2.97e-01  3.01e-01  2.90e-01  2.59e-01  2.33e-01  2.12e-01  1.93e-01  1.83e-01  1.73e-01 
13 32  4.03e-01  4.06e-01  4.05e-01  3.87e-01  3.46e-01  3.15e-01  2.95e-01  2.96e-01  3.12e-01  3.30e-01 
13 33  1.94e-01  2.01e-01  2.04e-01  1.88e-01  1.60e-01  1.40e-01  1.21e-01  9.80e-02  8.17e-02  6.73e-02 
13 34  2.88e-01  2.93e-01  2.76e-01  2.45e-01  2.01e-01  1.72e-01  1.49e-01  1.20e-01  9.53e-02  6.96e-02 
14 15  2.45e-01  2.38e-01  2.20e-01  1.93e-01  1.45e-01  1.11e-01  8.52e-02  5.95e-02  4.41e-02  3.17e-02 
14 16  6.02e-01  6.31e-01  6.30e-01  5.94e-01  4.81e-01  3.91e-01  3.21e-01  2.50e-01  2.02e-01  1.58e-01 
14 17  9.15e-01  8.54e-01  8.40e-01  7.88e-01  6.14e-01  4.80e-01  3.77e-01  2.86e-01  2.36e-01  1.97e-01 
14 18  3.97e-03  9.15e-03  1.07e-02  1.14e-02  1.08e-02  8.14e-03  5.16e-03  2.41e-03  1.27e-03  6.55e-04 
14 19  3.13e-01  3.26e-01  3.24e-01  3.31e-01  3.38e-01  3.28e-01  3.09e-01  2.62e-01  2.08e-01  1.51e-01 
14 20  3.63e-01  4.24e-01  4.37e-01  4.20e-01  3.68e-01  3.28e-01  2.99e-01  2.73e-01  2.54e-01  2.34e-01 
14 21  3.28e-01  3.84e-01  3.97e-01  3.80e-01  3.31e-01  2.96e-01  2.73e-01  2.61e-01  2.58e-01  2.54e-01 
14 22  1.82e-01  2.26e-01  2.33e-01  2.21e-01  1.89e-01  1.63e-01  1.40e-01  1.15e-01  9.36e-02  7.26e-02 
14 23  6.45e-01  6.15e-01  6.14e-01  6.12e-01  5.84e-01  5.46e-01  5.02e-01  4.24e-01  3.38e-01  2.47e-01 
14 24  4.33e-02  6.08e-02  6.87e-02  6.56e-02  5.23e-02  4.22e-02  3.25e-02  2.13e-02  1.48e-02  9.78e-03 
14 25  4.58e-01  4.77e-01  4.68e-01  4.37e-01  3.82e-01  3.44e-01  3.10e-01  2.57e-01  2.04e-01  1.48e-01 
14 26  2.32e-01  1.90e-01  1.57e-01  1.23e-01  7.69e-02  4.83e-02  2.79e-02  1.25e-02  6.61e-03  3.45e-03 
14 27  2.84e-01  3.34e-01  3.34e-01  3.07e-01  2.50e-01  2.10e-01  1.79e-01  1.43e-01  1.13e-01  8.34e-02 
14 28  5.62e-02  5.36e-02  5.05e-02  4.47e-02  3.72e-02  3.26e-02  2.90e-02  2.57e-02  2.39e-02  2.23e-02 
14 29  1.09e-01  1.07e-01  1.04e-01  9.28e-02  7.54e-02  6.37e-02  5.36e-02  4.34e-02  3.72e-02  3.20e-02 
14 30  3.48e-01  3.51e-01  3.50e-01  3.31e-01  2.92e-01  2.65e-01  2.47e-01  2.46e-01  2.57e-01  2.70e-01 
14 31  1.01e-01  9.94e-02  9.87e-02  9.31e-02  8.14e-02  7.16e-02  6.22e-02  4.99e-02  4.01e-02  3.10e-02 
14 32  2.36e-01  2.35e-01  2.36e-01  2.27e-01  2.03e-01  1.84e-01  1.68e-01  1.57e-01  1.52e-01  1.48e-01 
14 33  1.41e-01  1.41e-01  1.42e-01  1.34e-01  1.18e-01  1.05e-01  9.12e-02  7.28e-02  5.89e-02  4.64e-02 
14 34  2.05e-01  2.08e-01  1.95e-01  1.73e-01  1.42e-01  1.22e-01  1.06e-01  8.58e-02  6.80e-02  4.96e-02 
15 16  2.00e+00  1.87e+00  1.70e+00  1.52e+00  1.19e+00  9.53e-01  7.70e-01  6.03e-01  4.85e-01  3.70e-01 
15 17  4.03e-01  3.68e-01  3.22e-01  2.70e-01  1.94e-01  1.45e-01  1.06e-01  7.12e-02  5.18e-02  3.68e-02 
15 18  5.37e-03  8.74e-03  1.18e-02  1.41e-02  1.33e-02  9.97e-03  6.31e-03  2.95e-03  1.56e-03  8.01e-04 
15 19  1.27e+00  1.36e+00  1.41e+00  1.40e+00  1.22e+00  1.05e+00  9.00e-01  7.23e-01  5.69e-01  4.13e-01 
15 20  3.01e-01  3.45e-01  3.92e-01  3.97e-01  3.44e-01  2.95e-01  2.51e-01  1.96e-01  1.51e-01  1.09e-01 
15 21  1.39e-01  1.47e-01  1.65e-01  1.74e-01  1.68e-01  1.57e-01  1.45e-01  1.21e-01  9.57e-02  6.93e-02 
15 22  9.10e-01  1.14e+00  1.30e+00  1.32e+00  1.18e+00  1.05e+00  9.51e-01  8.87e-01  8.68e-01  8.59e-01 
15 23  1.17e+00  1.06e+00  1.04e+00  1.01e+00  8.96e-01  7.81e-01  6.77e-01  5.41e-01  4.22e-01  3.04e-01 
15 24  6.82e-02  7.41e-02  7.88e-02  8.08e-02  7.96e-02  7.58e-02  7.03e-02  5.89e-02  4.64e-02  3.34e-02 
15 25  3.96e-01  3.65e-01  3.45e-01  3.27e-01  2.93e-01  2.60e-01  2.30e-01  1.90e-01  1.51e-01  1.11e-01 
15 26  1.25e-01  1.78e-01  1.91e-01  1.67e-01  1.09e-01  6.87e-02  3.98e-02  1.79e-02  9.55e-03  5.05e-03 
15 27  8.97e-01  8.57e-01  7.92e-01  7.24e-01  6.27e-01  5.60e-01  5.02e-01  4.16e-01  3.30e-01  2.40e-01 
15 28  1.71e-02  1.62e-02  1.66e-02  1.50e-02  1.17e-02  9.44e-03  7.46e-03  5.25e-03  3.80e-03  2.59e-03 
15 29  1.31e-01  1.33e-01  1.36e-01  1.20e-01  9.27e-02  7.59e-02  6.20e-02  4.61e-02  3.47e-02  2.46e-02 
15 30  5.13e-02  5.71e-02  6.55e-02  6.62e-02  5.55e-02  4.52e-02  3.52e-02  2.43e-02  1.83e-02  1.40e-02 
15 31  1.01e+00  1.05e+00  1.08e+00  1.06e+00  9.58e-01  8.85e-01  8.40e-01  8.52e-01  9.03e-01  9.64e-01 
15 32  2.75e-01  3.07e-01  3.28e-01  3.24e-01  2.81e-01  2.42e-01  2.06e-01  1.65e-01  1.38e-01  1.16e-01 
15 33  3.01e-01  3.97e-01  4.39e-01  4.03e-01  3.28e-01  2.80e-01  2.39e-01  1.86e-01  1.43e-01  1.03e-01 
15 34  7.91e-01  7.39e-01  6.96e-01  6.48e-01  5.84e-01  5.41e-01  5.01e-01  4.26e-01  3.43e-01  2.52e-01 
16 17  1.90e+00  1.70e+00  1.52e+00  1.33e+00  1.05e+00  8.61e-01  7.16e-01  5.76e-01  4.67e-01  3.57e-01 
16 18  3.71e-03  7.07e-03  9.53e-03  1.20e-02  1.23e-02  9.37e-03  5.98e-03  2.81e-03  1.48e-03  7.63e-04 
16 19  9.63e-01  1.02e+00  1.04e+00  1.03e+00  9.13e-01  8.02e-01  7.05e-01  5.78e-01  4.58e-01  3.33e-01 
16 20  5.31e-01  6.33e-01  7.11e-01  7.23e-01  6.58e-01  5.99e-01  5.59e-01  5.33e-01  5.24e-01  5.17e-01 
16 21  1.96e-01  2.26e-01  2.55e-01  2.49e-01  2.01e-01  1.62e-01  1.29e-01  9.42e-02  7.09e-02  5.10e-02 
16 22  4.31e-01  5.29e-01  6.11e-01  6.23e-01  5.46e-01  4.73e-01  4.12e-01  3.49e-01  3.07e-01  2.70e-01 
16 23  1.00e+00  9.10e-01  9.00e-01  8.83e-01  7.90e-01  6.95e-01  6.05e-01  4.83e-01  3.76e-01  2.70e-01 
16 24  6.66e-02  7.90e-02  8.79e-02  8.91e-02  8.31e-02  7.63e-02  6.90e-02  5.67e-02  4.45e-02  3.20e-02 
16 25  5.19e-01  4.69e-01  4.10e-01  3.57e-01  2.93e-01  2.50e-01  2.16e-01  1.75e-01  1.39e-01  1.02e-01 
16 26  1.09e-01  1.52e-01  1.61e-01  1.40e-01  9.17e-02  5.77e-02  3.33e-02  1.50e-02  7.97e-03  4.21e-03 
16 27  7.38e-01  7.30e-01  6.81e-01  6.23e-01  5.38e-01  4.78e-01  4.26e-01  3.50e-01  2.78e-01  2.03e-01 
16 28  4.80e-02  5.66e-02  6.13e-02  5.50e-02  4.19e-02  3.37e-02  2.71e-02  1.98e-02  1.48e-02  1.04e-02 
16 29  1.53e-01  1.62e-01  1.72e-01  1.58e-01  1.28e-01  1.08e-01  9.16e-02  7.05e-02  5.37e-02  3.80e-02 
16 30  2.21e-01  2.43e-01  2.60e-01  2.59e-01  2.30e-01  2.02e-01  1.77e-01  1.48e-01  1.30e-01  1.15e-01 
16 31  3.62e-01  3.82e-01  4.00e-01  3.92e-01  3.43e-01  3.00e-01  2.61e-01  2.17e-01  1.89e-01  1.66e-01 
16 32  4.92e-01  5.15e-01  5.33e-01  5.27e-01  4.91e-01  4.67e-01  4.59e-01  5.00e-01  5.63e-01  6.31e-01 
16 33  2.08e-01  2.56e-01  2.74e-01  2.46e-01  1.96e-01  1.64e-01  1.38e-01  1.05e-01  8.08e-02  5.86e-02 
16 34  6.89e-01  6.33e-01  5.92e-01  5.48e-01  4.91e-01  4.53e-01  4.18e-01  3.54e-01  2.84e-01  2.08e-01 
17 18  2.92e-03  5.56e-03  6.78e-03  8.64e-03  9.62e-03  7.58e-03  4.90e-03  2.31e-03  1.22e-03  6.29e-04 
17 19  6.76e-01  7.37e-01  7.62e-01  7.57e-01  6.78e-01  5.99e-01  5.29e-01  4.37e-01  3.48e-01  2.53e-01 
17 20  3.39e-01  4.02e-01  4.57e-01  4.53e-01  3.81e-01  3.21e-01  2.73e-01  2.30e-01  2.07e-01  1.90e-01 
17 21  3.62e-01  4.57e-01  5.20e-01  5.19e-01  4.53e-01  4.01e-01  3.66e-01  3.49e-01  3.49e-01  3.52e-01 
17 22  2.35e-01  2.65e-01  3.04e-01  3.17e-01  2.90e-01  2.59e-01  2.29e-01  1.86e-01  1.49e-01  1.12e-01 
17 23  7.67e-01  6.98e-01  6.84e-01  6.64e-01  5.95e-01  5.25e-01  4.60e-01  3.70e-01  2.90e-01  2.09e-01 
17 24  5.45e-02  6.97e-02  8.08e-02  8.19e-02  7.40e-02  6.63e-02  5.87e-02  4.74e-02  3.69e-02  2.63e-02 
17 25  4.56e-01  4.28e-01  3.74e-01  3.17e-01  2.50e-01  2.07e-01  1.75e-01  1.39e-01  1.10e-01  8.02e-02 
17 26  8.12e-02  1.17e-01  1.24e-01  1.08e-01  7.14e-02  4.53e-02  2.63e-02  1.19e-02  6.32e-03  3.34e-03 
17 27  6.08e-01  5.94e-01  5.49e-01  5.00e-01  4.28e-01  3.78e-01  3.34e-01  2.72e-01  2.15e-01  1.56e-01 
17 28  5.95e-02  6.84e-02  7.43e-02  6.96e-02  5.76e-02  4.98e-02  4.29e-02  3.34e-02  2.54e-02  1.78e-02 
17 29  1.64e-01  1.80e-01  1.90e-01  1.71e-01  1.34e-01  1.11e-01  9.16e-02  6.90e-02  5.24e-02  3.73e-02 
17 30  4.74e-01  4.79e-01  4.90e-01  4.84e-01  4.51e-01  4.26e-01  4.14e-01  4.37e-01  4.79e-01  5.26e-01 
17 31  1.04e-01  1.03e-01  1.09e-01  1.06e-01  8.83e-02  7.26e-02  5.79e-02  4.19e-02  3.24e-02  2.50e-02 
17 32  2.84e-01  3.05e-01  3.22e-01  3.19e-01  2.86e-01  2.56e-01  2.28e-01  1.98e-01  1.80e-01  1.65e-01 
17 33  1.08e-01  1.38e-01  1.49e-01  1.33e-01  1.03e-01  8.37e-02  6.78e-02  5.00e-02  3.78e-02  2.71e-02 
17 34  5.42e-01  4.98e-01  4.65e-01  4.30e-01  3.85e-01  3.56e-01  3.28e-01  2.79e-01  2.24e-01  1.65e-01 
18 19  5.02e-04  1.03e-03  1.30e-03  1.61e-03  1.59e-03  1.20e-03  7.60e-04  3.57e-04  1.89e-04  9.72e-05 
18 20  1.89e-02  1.66e-02  1.63e-02  1.76e-02  1.61e-02  1.16e-02  7.09e-03  3.24e-03  1.69e-03  8.67e-04 
18 21  5.70e-03  5.97e-03  6.51e-03  8.25e-03  8.51e-03  6.42e-03  4.07e-03  1.92e-03  1.02e-03  5.26e-04 
18 22  2.86e-02  2.46e-02  2.37e-02  2.42e-02  2.11e-02  1.51e-02  9.25e-03  4.23e-03  2.22e-03  1.14e-03 
18 23  5.32e-03  4.31e-03  4.03e-03  4.22e-03  4.07e-03  3.08e-03  1.95e-03  9.11e-04  4.81e-04  2.47e-04 
18 24  3.14e-04  7.77e-04  9.95e-04  1.24e-03  1.29e-03  9.77e-04  6.19e-04  2.89e-04  1.52e-04  7.83e-05 
18 25  3.13e-03  2.86e-03  3.90e-03  5.59e-03  5.31e-03  3.74e-03  2.26e-03  1.02e-03  5.29e-04  2.70e-04 
18 26  6.95e+00  5.86e+00  5.14e+00  4.70e+00  3.64e+00  2.54e+00  1.61e+00  8.09e-01  4.69e-01  2.68e-01 
18 27  1.66e-03  2.28e-03  4.14e-03  5.41e-03  4.56e-03  3.07e-03  1.81e-03  8.05e-04  4.18e-04  2.13e-04 
18 28  1.24e-02  1.15e-02  9.74e-03  7.42e-03  4.32e-03  2.56e-03  1.41e-03  6.05e-04  3.10e-04  1.57e-04 
18 29  4.09e-02  3.26e-02  2.67e-02  2.01e-02  1.17e-02  6.91e-03  3.82e-03  1.63e-03  8.37e-04  4.24e-04 
18 30  4.49e-02  3.36e-02  2.82e-02  2.17e-02  1.27e-02  7.52e-03  4.16e-03  1.79e-03  9.19e-04  4.68e-04 
18 31  3.54e-02  3.03e-02  2.80e-02  2.35e-02  1.49e-02  9.20e-03  5.21e-03  2.27e-03  1.17e-03  5.97e-04 
18 32  4.83e-02  3.72e-02  3.17e-02  2.48e-02  1.48e-02  8.86e-03  4.94e-03  2.13e-03  1.09e-03  5.57e-04 
18 33  5.14e-02  4.00e-02  3.36e-02  2.61e-02  1.56e-02  9.42e-03  5.26e-03  2.27e-03  1.16e-03  5.91e-04 
18 34  1.56e-02  1.17e-02  9.09e-03  6.77e-03  3.92e-03  2.31e-03  1.27e-03  5.40e-04  2.76e-04  1.40e-04 
19 20  2.26e-01  2.59e-01  2.46e-01  2.24e-01  2.04e-01  1.92e-01  1.78e-01  1.50e-01  1.19e-01  8.58e-02 
19 21  1.26e-01  1.44e-01  1.34e-01  1.22e-01  1.14e-01  1.09e-01  1.03e-01  8.77e-02  6.97e-02  5.04e-02 
19 22  3.75e-01  4.21e-01  3.95e-01  3.55e-01  3.12e-01  2.86e-01  2.61e-01  2.17e-01  1.71e-01  1.23e-01 
19 23  2.31e+00  2.08e+00  2.10e+00  1.96e+00  1.50e+00  1.16e+00  8.90e-01  6.43e-01  5.22e-01  4.44e-01 
19 24  1.17e-02  9.91e-03  9.47e-03  8.51e-03  6.04e-03  4.13e-03  2.59e-03  1.27e-03  7.12e-04  3.93e-04 
19 25  3.01e-01  3.40e-01  3.55e-01  3.33e-01  2.57e-01  2.00e-01  1.53e-01  1.07e-01  8.61e-02  7.37e-02 
19 26  3.03e-03  4.75e-03  4.94e-03  4.66e-03  3.58e-03  2.45e-03  1.48e-03  6.70e-04  3.51e-04  1.79e-04 
19 27  1.16e+00  1.41e+00  1.27e+00  1.01e+00  7.12e-01  5.52e-01  4.36e-01  3.18e-01  2.41e-01  1.75e-01 
19 28  2.39e-03  2.27e-03  2.14e-03  1.92e-03  1.59e-03  1.31e-03  1.01e-03  7.15e-04  5.41e-04  3.86e-04 
19 29  1.33e-02  1.16e-02  1.07e-02  9.05e-03  6.70e-03  5.13e-03  3.78e-03  2.56e-03  1.88e-03  1.32e-03 
19 30  2.82e-01  2.91e-01  2.97e-01  2.87e-01  2.71e-01  2.58e-01  2.41e-01  2.02e-01  1.60e-01  1.16e-01 
19 31  4.50e-01  5.13e-01  5.39e-01  5.30e-01  4.98e-01  4.70e-01  4.35e-01  3.62e-01  2.86e-01  2.07e-01 
19 32  3.43e-01  3.92e-01  4.11e-01  4.04e-01  3.83e-01  3.64e-01  3.39e-01  2.83e-01  2.24e-01  1.62e-01 
19 33  2.46e-02  2.91e-02  2.86e-02  2.45e-02  1.76e-02  1.31e-02  9.35e-03  5.98e-03  4.27e-03  2.98e-03 
19 34  1.65e+00  1.77e+00  1.80e+00  1.72e+00  1.54e+00  1.45e+00  1.42e+00  1.56e+00  1.77e+00  1.99e+00 
20 21  3.66e-01  4.16e-01  4.54e-01  4.59e-01  4.04e-01  3.45e-01  2.95e-01  2.42e-01  1.95e-01  1.45e-01 
20 22  6.07e-01  6.84e-01  7.38e-01  7.47e-01  6.46e-01  5.36e-01  4.41e-01  3.42e-01  2.69e-01  2.00e-01 
20 23  3.89e-01  4.34e-01  4.51e-01  4.35e-01  3.88e-01  3.48e-01  3.12e-01  2.57e-01  2.04e-01  1.47e-01 
20 24  8.73e-02  1.03e-01  1.09e-01  1.09e-01  1.01e-01  9.18e-02  8.36e-02  7.14e-02  5.78e-02  4.26e-02 
20 25  4.02e-01  4.01e-01  3.77e-01  3.49e-01  2.96e-01  2.50e-01  2.09e-01  1.61e-01  1.23e-01  8.86e-02 
20 26  1.92e-01  2.95e-01  2.92e-01  2.36e-01  1.42e-01  8.59e-02  4.82e-02  2.10e-02  1.09e-02  5.65e-03 
20 27  5.19e-01  5.68e-01  5.51e-01  5.05e-01  4.35e-01  3.90e-01  3.52e-01  2.94e-01  2.35e-01  1.73e-01 
20 28  1.84e-01  1.75e-01  1.65e-01  1.55e-01  1.44e-01  1.41e-01  1.46e-01  1.69e-01  1.96e-01  2.22e-01 
20 29  2.84e-01  2.31e-01  2.04e-01  1.71e-01  1.32e-01  1.10e-01  9.32e-02  7.86e-02  7.17e-02  6.68e-02 
20 30  2.28e-01  2.29e-01  2.34e-01  2.30e-01  2.10e-01  1.91e-01  1.71e-01  1.43e-01  1.19e-01  9.53e-02 
20 31  2.52e-01  2.55e-01  2.62e-01  2.57e-01  2.31e-01  2.07e-01  1.82e-01  1.49e-01  1.23e-01  9.98e-02 
20 32  1.89e-01  2.02e-01  2.09e-01  1.99e-01  1.65e-01  1.37e-01  1.12e-01  8.64e-02  7.08e-02  5.76e-02 
20 33  3.77e-01  3.82e-01  3.80e-01  3.60e-01  3.30e-01  3.15e-01  3.11e-01  3.35e-01  3.70e-01  4.05e-01 
20 34  1.94e-01  1.88e-01  1.92e-01  1.96e-01  1.79e-01  1.59e-01  1.41e-01  1.15e-01  9.09e-02  6.61e-02 
21 22  2.09e-01  2.36e-01  2.55e-01  2.66e-01  2.29e-01  1.83e-01  1.40e-01  9.53e-02  6.97e-02  5.00e-02 
21 23  2.43e-01  2.66e-01  2.73e-01  2.63e-01  2.34e-01  2.11e-01  1.90e-01  1.57e-01  1.25e-01  9.03e-02 
21 24  5.70e-02  6.79e-02  7.23e-02  7.19e-02  6.48e-02  5.78e-02  5.17e-02  4.32e-02  3.46e-02  2.53e-02 
21 25  2.19e-01  2.29e-01  2.23e-01  2.11e-01  1.79e-01  1.50e-01  1.24e-01  9.47e-02  7.26e-02  5.18e-02 
21 26  1.09e-01  1.64e-01  1.65e-01  1.36e-01  8.41e-02  5.13e-02  2.90e-02  1.27e-02  6.60e-03  3.41e-03 
21 27  3.23e-01  3.46e-01  3.33e-01  3.04e-01  2.63e-01  2.37e-01  2.15e-01  1.80e-01  1.44e-01  1.05e-01 
21 28  5.85e-02  5.35e-02  4.78e-02  3.86e-02  2.73e-02  2.08e-02  1.51e-02  9.34e-03  6.23e-03  4.01e-03 
21 29  3.17e-01  2.82e-01  2.60e-01  2.36e-01  2.11e-01  2.03e-01  2.04e-01  2.30e-01  2.61e-01  2.95e-01 
21 30  1.46e-01  1.50e-01  1.55e-01  1.49e-01  1.28e-01  1.09e-01  9.20e-02  7.36e-02  6.06e-02  4.86e-02 
21 31  8.47e-02  8.56e-02  8.38e-02  7.83e-02  6.84e-02  6.04e-02  5.19e-02  4.10e-02  3.34e-02  2.70e-02 
21 32  1.56e-01  1.64e-01  1.73e-01  1.75e-01  1.61e-01  1.46e-01  1.30e-01  1.08e-01  9.00e-02  7.29e-02 
21 33  1.55e-01  1.57e-01  1.57e-01  1.49e-01  1.34e-01  1.24e-01  1.18e-01  1.18e-01  1.21e-01  1.25e-01 
21 34  1.11e-01  1.09e-01  1.12e-01  1.14e-01  1.04e-01  9.34e-02  8.28e-02  6.78e-02  5.36e-02  3.89e-02 
22 23  5.38e-01  6.06e-01  6.29e-01  6.10e-01  5.46e-01  4.91e-01  4.39e-01  3.60e-01  2.84e-01  2.06e-01 
22 24  1.19e-01  1.34e-01  1.41e-01  1.43e-01  1.36e-01  1.27e-01  1.18e-01  1.02e-01  8.31e-02  6.12e-02 
22 25  4.87e-01  4.86e-01  4.67e-01  4.44e-01  3.87e-01  3.33e-01  2.83e-01  2.22e-01  1.72e-01  1.24e-01 
22 26  2.66e-01  4.19e-01  4.18e-01  3.38e-01  2.04e-01  1.23e-01  6.90e-02  3.01e-02  1.57e-02  8.08e-03 
22 27  7.14e-01  7.76e-01  7.56e-01  6.91e-01  5.92e-01  5.27e-01  4.71e-01  3.89e-01  3.08e-01  2.23e-01 
22 28  9.80e-02  7.59e-02  6.52e-02  5.49e-02  4.25e-02  3.51e-02  2.90e-02  2.18e-02  1.64e-02  1.14e-02 
22 29  4.74e-01  3.91e-01  3.54e-01  3.20e-01  2.85e-01  2.70e-01  2.67e-01  2.89e-01  3.19e-01  3.49e-01 
22 30  1.25e-01  1.27e-01  1.27e-01  1.19e-01  1.04e-01  9.11e-02  7.75e-02  6.04e-02  4.88e-02  3.91e-02 
22 31  4.88e-01  5.27e-01  5.74e-01  5.73e-01  4.99e-01  4.31e-01  3.71e-01  3.02e-01  2.52e-01  2.05e-01 
22 32  3.00e-01  3.20e-01  3.33e-01  3.27e-01  2.95e-01  2.66e-01  2.36e-01  1.94e-01  1.59e-01  1.26e-01 
22 33  5.88e-01  6.15e-01  6.09e-01  5.66e-01  5.05e-01  4.76e-01  4.67e-01  5.03e-01  5.57e-01  6.14e-01 
22 34  2.77e-01  2.64e-01  2.70e-01  2.77e-01  2.56e-01  2.28e-01  2.03e-01  1.66e-01  1.32e-01  9.62e-02 
23 24  1.44e-01  1.73e-01  2.04e-01  2.10e-01  1.79e-01  1.47e-01  1.17e-01  8.44e-02  6.85e-02  5.93e-02 
23 25  9.95e-01  1.43e+00  1.41e+00  1.20e+00  8.67e-01  6.75e-01  5.44e-01  4.44e-01  4.03e-01  3.77e-01 
23 26  1.57e-02  2.07e-02  2.18e-02  2.11e-02  1.63e-02  1.11e-02  6.64e-03  3.00e-03  1.57e-03  8.02e-04 
23 27  2.03e+00  1.58e+00  1.30e+00  1.03e+00  7.30e-01  5.67e-01  4.48e-01  3.60e-01  3.39e-01  3.39e-01 
23 28  4.38e-02  4.06e-02  3.87e-02  3.43e-02  2.80e-02  2.40e-02  2.04e-02  1.58e-02  1.22e-02  8.74e-03 
23 29  1.25e-01  1.20e-01  1.19e-01  1.08e-01  8.96e-02  7.76e-02  6.68e-02  5.23e-02  4.03e-02  2.87e-02 
23 30  1.75e-01  2.00e-01  2.10e-01  1.96e-01  1.56e-01  1.26e-01  1.02e-01  7.83e-02  6.13e-02  4.54e-02 
23 31  3.10e-01  3.55e-01  3.73e-01  3.52e-01  2.80e-01  2.24e-01  1.79e-01  1.34e-01  1.02e-01  7.34e-02 
23 32  2.45e-01  2.89e-01  3.03e-01  2.83e-01  2.26e-01  1.83e-01  1.50e-01  1.15e-01  9.02e-02  6.74e-02 
23 33  1.91e-01  2.25e-01  2.37e-01  2.20e-01  1.87e-01  1.65e-01  1.45e-01  1.15e-01  8.98e-02  6.49e-02 
23 34  7.58e-01  9.38e-01  9.87e-01  8.95e-01  7.01e-01  5.72e-01  4.76e-01  3.93e-01  3.51e-01  3.20e-01 
24 25  2.71e-01  2.91e-01  2.52e-01  2.11e-01  1.60e-01  1.28e-01  1.07e-01  1.00e-01  1.06e-01  1.15e-01 
24 26  4.45e-03  5.23e-03  5.74e-03  5.78e-03  4.46e-03  3.01e-03  1.79e-03  8.08e-04  4.22e-04  2.16e-04 
24 27  1.55e-01  1.48e-01  1.43e-01  1.36e-01  1.20e-01  1.07e-01  9.45e-02  7.58e-02  5.87e-02  4.17e-02 
24 28  9.56e-03  1.43e-02  1.74e-02  1.69e-02  1.29e-02  9.99e-03  7.65e-03  5.38e-03  3.98e-03  2.78e-03 
24 29  2.18e-02  3.05e-02  3.79e-02  3.79e-02  2.98e-02  2.33e-02  1.83e-02  1.35e-02  1.02e-02  7.17e-03 
24 30  2.30e-02  3.42e-02  3.58e-02  2.99e-02  1.92e-02  1.26e-02  7.91e-03  4.11e-03  2.57e-03  1.70e-03 
24 31  3.29e-02  4.70e-02  4.60e-02  3.62e-02  2.19e-02  1.40e-02  8.46e-03  4.17e-03  2.42e-03  1.41e-03 
24 32  2.91e-02  4.18e-02  4.26e-02  3.49e-02  2.20e-02  1.46e-02  9.32e-03  5.07e-03  3.17e-03  1.94e-03 
24 33  3.47e-02  4.94e-02  6.13e-02  6.05e-02  4.67e-02  3.62e-02  2.85e-02  2.13e-02  1.67e-02  1.25e-02 
24 34  1.47e-01  1.41e-01  1.15e-01  8.40e-02  5.32e-02  3.83e-02  2.78e-02  1.86e-02  1.47e-02  1.26e-02 
25 26  2.45e-02  2.69e-02  2.99e-02  3.04e-02  2.29e-02  1.50e-02  8.80e-03  3.91e-03  2.03e-03  1.04e-03 
25 27  9.48e-01  1.09e+00  1.08e+00  9.85e-01  8.20e-01  7.19e-01  6.53e-01  6.31e-01  6.51e-01  6.80e-01 
25 28  5.68e-02  6.11e-02  6.11e-02  5.52e-02  4.43e-02  3.73e-02  3.18e-02  2.57e-02  2.08e-02  1.60e-02 
25 29  1.72e-01  1.86e-01  1.83e-01  1.64e-01  1.32e-01  1.12e-01  9.58e-02  7.73e-02  6.13e-02  4.51e-02 
25 30  1.63e-01  1.69e-01  1.61e-01  1.39e-01  1.03e-01  7.78e-02  5.83e-02  3.99e-02  2.91e-02  2.01e-02 
25 31  2.35e-01  2.50e-01  2.41e-01  2.17e-01  1.77e-01  1.48e-01  1.25e-01  9.84e-02  7.76e-02  5.70e-02 
25 32  2.05e-01  2.19e-01  2.10e-01  1.85e-01  1.44e-01  1.14e-01  9.12e-02  6.83e-02  5.29e-02  3.91e-02 
25 33  2.66e-01  2.96e-01  2.98e-01  2.72e-01  2.29e-01  2.01e-01  1.78e-01  1.48e-01  1.19e-01  8.79e-02 
25 34  4.56e-01  5.34e-01  4.87e-01  4.10e-01  3.19e-01  2.64e-01  2.18e-01  1.73e-01  1.52e-01  1.40e-01 
26 27  3.59e-02  3.96e-02  3.71e-02  3.23e-02  2.26e-02  1.46e-02  8.51e-03  3.76e-03  1.95e-03  9.94e-04 
26 28  2.40e-02  2.71e-02  2.67e-02  2.29e-02  1.49e-02  9.26e-03  5.33e-03  2.43e-03  1.32e-03  7.20e-04 
26 29  8.29e-02  9.32e-02  9.20e-02  7.86e-02  5.04e-02  3.13e-02  1.79e-02  8.14e-03  4.43e-03  2.40e-03 
26 30  5.56e-02  5.46e-02  5.09e-02  4.30e-02  2.83e-02  1.78e-02  1.03e-02  4.56e-03  2.39e-03  1.24e-03 
26 31  8.41e-02  8.30e-02  7.39e-02  6.19e-02  4.19e-02  2.70e-02  1.57e-02  7.05e-03  3.72e-03  1.94e-03 
26 32  8.14e-02  8.17e-02  7.34e-02  6.06e-02  3.95e-02  2.49e-02  1.43e-02  6.34e-03  3.33e-03  1.73e-03 
26 33  1.96e-01  1.70e-01  1.48e-01  1.19e-01  7.43e-02  4.61e-02  2.67e-02  1.25e-02  7.02e-03  4.00e-03 
26 34  1.90e-02  1.83e-02  1.90e-02  1.69e-02  1.08e-02  6.58e-03  3.69e-03  1.60e-03  8.28e-04  4.24e-04 
27 28  8.65e-02  8.03e-02  7.23e-02  6.52e-02  5.71e-02  5.13e-02  4.58e-02  3.75e-02  2.95e-02  2.12e-02 
27 29  2.84e-01  2.45e-01  2.17e-01  1.94e-01  1.68e-01  1.49e-01  1.31e-01  1.08e-01  8.58e-02  6.37e-02 
27 30  3.31e-01  3.33e-01  3.19e-01  2.84e-01  2.27e-01  1.90e-01  1.62e-01  1.29e-01  1.00e-01  7.25e-02 
27 31  6.43e-01  6.28e-01  5.86e-01  5.16e-01  4.09e-01  3.44e-01  2.95e-01  2.38e-01  1.88e-01  1.39e-01 
27 32  4.72e-01  4.81e-01  4.57e-01  4.05e-01  3.21e-01  2.67e-01  2.26e-01  1.77e-01  1.38e-01  9.85e-02 
27 33  3.38e-01  3.21e-01  3.01e-01  2.80e-01  2.43e-01  2.11e-01  1.81e-01  1.42e-01  1.10e-01  7.85e-02 
27 34  8.51e-01  9.49e-01  1.00e+00  9.93e-01  9.27e-01  8.88e-01  8.96e-01  1.03e+00  1.21e+00  1.40e+00 
28 29  2.27e-01  1.93e-01  1.73e-01  1.54e-01  1.35e-01  1.22e-01  1.10e-01  9.47e-02  7.69e-02  5.67e-02 
28 30  1.72e-01  1.74e-01  1.82e-01  1.82e-01  1.69e-01  1.60e-01  1.60e-01  1.80e-01  2.04e-01  2.29e-01 
28 31  1.33e-01  1.14e-01  1.01e-01  8.93e-02  8.09e-02  7.49e-02  6.76e-02  5.49e-02  4.34e-02  3.24e-02 
28 32  9.92e-02  9.63e-02  1.04e-01  1.04e-01  9.12e-02  8.12e-02  7.26e-02  5.96e-02  4.68e-02  3.36e-02 
28 33  1.49e-01  1.42e-01  1.33e-01  1.14e-01  8.80e-02  7.22e-02  6.06e-02  5.31e-02  5.13e-02  5.08e-02 
28 34  2.11e-01  1.84e-01  1.54e-01  1.29e-01  1.09e-01  1.02e-01  9.48e-02  7.99e-02  6.30e-02  4.54e-02 
29 30  3.65e-01  3.49e-01  3.62e-01  3.56e-01  3.22e-01  2.97e-01  2.84e-01  2.84e-01  2.89e-01  2.94e-01 
29 31  3.88e-01  3.52e-01  3.40e-01  3.19e-01  2.87e-01  2.63e-01  2.38e-01  1.95e-01  1.54e-01  1.13e-01 
29 32  4.52e-01  4.56e-01  4.67e-01  4.57e-01  4.20e-01  3.94e-01  3.85e-01  4.08e-01  4.45e-01  4.82e-01 
29 33  5.40e-01  5.25e-01  5.02e-01  4.47e-01  3.70e-01  3.20e-01  2.81e-01  2.47e-01  2.23e-01  1.99e-01 
29 34  6.84e-01  5.86e-01  4.88e-01  4.04e-01  3.40e-01  3.15e-01  2.94e-01  2.48e-01  1.95e-01  1.41e-01 
30 31  2.22e-01  2.65e-01  3.32e-01  3.65e-01  3.43e-01  3.11e-01  2.77e-01  2.23e-01  1.74e-01  1.27e-01 
30 32  7.38e-01  8.02e-01  9.01e-01  9.24e-01  8.30e-01  7.37e-01  6.59e-01  5.75e-01  5.04e-01  4.30e-01 
30 33  3.25e-01  3.15e-01  3.10e-01  2.94e-01  2.68e-01  2.46e-01  2.23e-01  1.89e-01  1.59e-01  1.31e-01 
30 34  7.77e-01  7.09e-01  6.67e-01  6.16e-01  5.28e-01  4.65e-01  4.13e-01  3.37e-01  2.64e-01  1.90e-01 
31 32  8.25e-01  9.65e-01  1.12e+00  1.17e+00  1.06e+00  9.41e-01  8.37e-01  7.16e-01  6.13e-01  5.10e-01 
31 33  8.90e-01  9.80e-01  1.05e+00  1.05e+00  9.60e-01  8.95e-01  8.68e-01  9.05e-01  9.63e-01  1.02e+00 
31 34  1.47e+00  1.32e+00  1.24e+00  1.15e+00  9.99e-01  8.89e-01  7.94e-01  6.50e-01  5.10e-01  3.67e-01 
32 33  5.56e-01  5.76e-01  5.95e-01  5.80e-01  5.32e-01  4.95e-01  4.66e-01  4.39e-01  4.18e-01  3.98e-01 
32 34  1.12e+00  1.01e+00  9.50e-01  8.82e-01  7.63e-01  6.77e-01  6.05e-01  4.98e-01  3.96e-01  2.92e-01 
33 34  1.27e+00  1.08e+00  8.97e-01  7.36e-01  6.12e-01  5.64e-01  5.24e-01  4.41e-01  3.48e-01  2.51e-01 
*** Fe III collision strengths
*** ATOM iron
*** SPECTRUM 3
*** N_LEVELS 34
*** GSCONFIG d6
*** T_UNIT K/10000
*** SOURCE1 Badnell and Ballance 2014, ApJ, 785, 99. 
*** NOTE1 Collision strengths. Revised by C. Mendoza et al, 2023, Atoms

