*** FeIII collision strengths data
0 0 3.699 3.875 4.0 4.097 4.176 4.243 4.301
1 2 2.226 2.409 2.542 2.622 2.662 2.676 2.671 
1 3 0.9353 1.039 1.113 1.158 1.184 1.195 1.197 
1 4 0.4497 0.4966 0.5326 0.5565 0.5711 0.5789 0.5822 
1 5 0.1355 0.1489 0.1601 0.1679 0.1729 0.1759 0.1775 
1 6 0.8147 0.7564 0.7143 0.6826 0.6564 0.6347 0.616 
1 7 1.216 1.211 1.211 1.21 1.209 1.207 1.202 
1 8 0.5305 0.5306 0.5329 0.5353 0.5371 0.538 0.5384 
1 9 0.1853 0.1896 0.1909 0.1904 0.1888 0.1868 0.1843 
1 10 0.2321 0.2104 0.1962 0.186 0.178 0.1714 0.1657 
1 11 0.03775 0.03467 0.03254 0.03092 0.02956 0.02836 0.02728 
1 12 0.9851 0.9853 0.9836 0.9778 0.9689 0.9582 0.9473 
1 13 0.4445 0.4503 0.454 0.455 0.454 0.4516 0.4483 
1 14 0.1714 0.1723 0.1726 0.1723 0.1715 0.1702 0.1688 
1 15 1.112 1.116 1.109 1.098 1.084 1.07 1.056 
1 16 0.433 0.427 0.421 0.4154 0.41 0.4048 0.3998 
1 17 1.374 1.375 1.361 1.339 1.313 1.285 1.258 
1 18 0.1489 0.1406 0.1346 0.13 0.1264 0.1233 0.1204 
1 19 0.06699 0.06046 0.05507 0.05063 0.04698 0.04394 0.04127 
1 20 0.2972 0.3055 0.3091 0.3095 0.3083 0.306 0.3033 
1 21 0.1363 0.14 0.1428 0.1443 0.1448 0.1446 0.1439 
1 22 0.6137 0.6291 0.6301 0.625 0.6174 0.6088 0.6001 
1 23 0.07098 0.07037 0.06957 0.06811 0.06616 0.06407 0.06189 
1 24 0.004635 0.005318 0.005418 0.005311 0.005126 0.004919 0.004709 
1 25 0.03936 0.03886 0.03722 0.03531 0.03343 0.03167 0.03009 
1 26 1.964 1.791 1.674 1.596 1.54 1.496 1.458 
1 27 0.07747 0.06556 0.05763 0.05178 0.04732 0.04372 0.04075 
1 28 0.03695 0.03684 0.03677 0.03672 0.03666 0.03662 0.03657 
1 29 0.1184 0.1199 0.1209 0.1213 0.1214 0.1213 0.1211 
1 30 0.08332 0.08448 0.0846 0.08418 0.08351 0.08279 0.08205 
1 31 0.4734 0.4794 0.475 0.4675 0.4599 0.4527 0.4462 
1 32 0.2752 0.2771 0.2752 0.2722 0.269 0.266 0.2632 
1 33 0.1849 0.1918 0.1939 0.1941 0.1933 0.1924 0.1912 
1 34 0.626 0.5752 0.5277 0.4885 0.4567 0.4302 0.4078 
2 3 1.554 1.69 1.783 1.839 1.867 1.877 1.875 
2 4 0.5766 0.651 0.6958 0.7204 0.7316 0.7343 0.7314 
2 5 0.158 0.1836 0.198 0.2056 0.2089 0.2096 0.2086 
2 6 0.6215 0.562 0.5197 0.4881 0.4633 0.4429 0.4258 
2 7 0.5116 0.5054 0.5039 0.5036 0.5034 0.5029 0.502 
2 8 0.5346 0.5338 0.5339 0.5332 0.5316 0.5293 0.5268 
2 9 0.4601 0.4622 0.4649 0.4668 0.4679 0.4682 0.4681 
2 10 0.3031 0.276 0.2583 0.2453 0.2349 0.2262 0.2189 
2 11 0.07475 0.06998 0.06696 0.06475 0.06294 0.06135 0.05998 
2 12 0.4549 0.4518 0.4494 0.4457 0.4405 0.4346 0.4285 
2 13 0.4524 0.4587 0.4601 0.4576 0.4531 0.4477 0.4414 
2 14 0.2951 0.2979 0.299 0.2985 0.2969 0.2943 0.2914 
2 15 0.5769 0.5654 0.5546 0.5451 0.5366 0.5291 0.5222 
2 16 0.524 0.5232 0.5178 0.5105 0.5027 0.4948 0.4872 
2 17 1.095 1.077 1.056 1.031 1.007 0.9825 0.959 
2 18 0.3357 0.3297 0.3243 0.3197 0.3157 0.312 0.3086 
2 19 0.0284 0.02694 0.02535 0.02387 0.02257 0.02143 0.0204 
2 20 0.3162 0.3209 0.3202 0.317 0.3128 0.3082 0.3035 
2 21 0.1562 0.1596 0.1605 0.16 0.1587 0.1572 0.1555 
2 22 0.4051 0.4111 0.4109 0.4076 0.403 0.3978 0.3925 
2 23 0.05376 0.0554 0.05538 0.05444 0.05305 0.05148 0.04983 
2 24 0.007614 0.008374 0.008406 0.008184 0.007877 0.007555 0.007245 
2 25 0.04244 0.04065 0.0384 0.0362 0.03418 0.03235 0.03072 
2 26 1.561 1.421 1.325 1.261 1.215 1.179 1.148 
2 27 0.05183 0.04614 0.04184 0.03842 0.03568 0.03336 0.0314 
2 28 0.03633 0.03639 0.03661 0.0367 0.03668 0.0366 0.03645 
2 29 0.09548 0.09528 0.09449 0.09347 0.09246 0.09148 0.09056 
2 30 0.1858 0.1872 0.1861 0.1842 0.1822 0.1803 0.1785 
2 31 0.3077 0.3105 0.3078 0.3035 0.2992 0.2951 0.2914 
2 32 0.1797 0.1821 0.1799 0.1763 0.1725 0.1689 0.1656 
2 33 0.1521 0.1578 0.16 0.1606 0.1604 0.1598 0.1591 
2 34 1.005 0.9409 0.8744 0.8178 0.7715 0.7331 0.7004 
3 4 0.9515 1.041 1.097 1.129 1.144 1.149 1.146 
3 5 0.2214 0.2521 0.27 0.2795 0.2835 0.2841 0.2828 
3 6 0.4239 0.3796 0.348 0.3243 0.3056 0.2903 0.2774 
3 7 0.1811 0.1758 0.174 0.1733 0.1731 0.173 0.1728 
3 8 0.3547 0.3541 0.3544 0.3544 0.3538 0.3528 0.3516 
3 9 0.4291 0.4308 0.4326 0.4335 0.4335 0.4329 0.4318 
3 10 0.2904 0.263 0.245 0.2318 0.2214 0.2129 0.2058 
3 11 0.09 0.08593 0.08274 0.08006 0.07774 0.07568 0.07396 
3 12 0.2883 0.2809 0.277 0.2735 0.2699 0.2661 0.2626 
3 13 0.3365 0.3432 0.3458 0.345 0.3421 0.3384 0.334 
3 14 0.3194 0.3231 0.3234 0.3214 0.3182 0.3144 0.3101 
3 15 0.252 0.2453 0.2397 0.2351 0.2313 0.2281 0.2252 
3 16 0.413 0.4087 0.4028 0.3969 0.3912 0.3857 0.3806 
3 17 0.7932 0.7795 0.7629 0.7442 0.7251 0.7065 0.6884 
3 18 0.4169 0.4122 0.4065 0.4009 0.3955 0.3904 0.3855 
3 19 0.01195 0.01154 0.01096 0.01039 0.009873 0.00942 0.008997 
3 20 0.2603 0.26 0.2565 0.2519 0.2471 0.2423 0.2378 
3 21 0.1705 0.1723 0.171 0.1684 0.1655 0.1625 0.1596 
3 22 0.2451 0.2458 0.2453 0.2436 0.2413 0.2387 0.2359 
3 23 0.03648 0.03725 0.03715 0.03653 0.03565 0.03465 0.03359 
3 24 0.007406 0.00824 0.008337 0.008177 0.007922 0.007639 0.007359 
3 25 0.04232 0.04082 0.03856 0.03633 0.03428 0.03243 0.03076 
3 26 1.138 1.035 0.9639 0.9163 0.8821 0.8555 0.8331 
3 27 0.0354 0.03223 0.02967 0.02755 0.02578 0.02427 0.02296 
3 28 0.02805 0.02805 0.02794 0.02771 0.02742 0.02712 0.02682 
3 29 0.07628 0.07672 0.07634 0.07553 0.07465 0.07373 0.07282 
3 30 0.1651 0.1671 0.1657 0.1634 0.1608 0.1584 0.1562 
3 31 0.1511 0.153 0.1525 0.1511 0.1494 0.1479 0.1464 
3 32 0.1677 0.1698 0.168 0.1652 0.1622 0.1594 0.1568 
3 33 0.1104 0.1144 0.116 0.1165 0.1164 0.1162 0.1157 
3 34 0.8278 0.7763 0.722 0.6757 0.6373 0.6057 0.5788 
4 5 0.3579 0.3846 0.4024 0.4128 0.4183 0.4203 0.4205 
4 6 0.2363 0.2109 0.1927 0.1788 0.1677 0.1586 0.1508 
4 7 0.04058 0.03888 0.03822 0.03795 0.03781 0.03772 0.03763 
4 8 0.1813 0.1808 0.1816 0.1825 0.1833 0.1838 0.1842 
4 9 0.2684 0.2704 0.2714 0.2714 0.2707 0.2696 0.2683 
4 10 0.2088 0.1885 0.1753 0.1658 0.1584 0.1523 0.1473 
4 11 0.07067 0.06717 0.06441 0.06208 0.06008 0.05835 0.05688 
4 12 0.1953 0.1858 0.181 0.1777 0.175 0.1725 0.1703 
4 13 0.2032 0.2093 0.2125 0.2134 0.2127 0.2111 0.2091 
4 14 0.2306 0.2359 0.2371 0.2359 0.2334 0.2302 0.2267 
4 15 0.08742 0.08432 0.08205 0.08035 0.07902 0.07793 0.07695 
4 16 0.2497 0.2454 0.241 0.2373 0.2342 0.2314 0.2289 
4 17 0.4759 0.4654 0.4542 0.4423 0.4304 0.419 0.408 
4 18 0.3377 0.3333 0.3281 0.3229 0.3178 0.3129 0.3083 
4 19 0.003459 0.003447 0.003332 0.0032 0.003068 0.002947 0.002834 
4 20 0.1545 0.1539 0.1518 0.1491 0.1463 0.1435 0.141 
4 21 0.1412 0.1406 0.1376 0.1342 0.1307 0.1274 0.1245 
4 22 0.1296 0.1288 0.1283 0.1275 0.1264 0.1252 0.124 
4 23 0.02889 0.02939 0.02868 0.02763 0.02651 0.02537 0.02432 
4 24 0.005259 0.005999 0.00615 0.006082 0.005925 0.00574 0.005549 
4 25 0.0273 0.02669 0.02536 0.02397 0.02268 0.02149 0.02042 
4 26 0.6965 0.6333 0.5896 0.5599 0.5381 0.5209 0.5064 
4 27 0.01897 0.01794 0.01688 0.0159 0.01505 0.01426 0.01359 
4 28 0.01733 0.01704 0.01663 0.0162 0.01579 0.01543 0.0151 
4 29 0.05015 0.05144 0.05185 0.05176 0.05145 0.05102 0.05053 
4 30 0.1053 0.1066 0.1054 0.1034 0.1013 0.09929 0.09742 
4 31 0.05921 0.05995 0.05977 0.05923 0.05859 0.05793 0.0573 
4 32 0.1297 0.1307 0.1296 0.1279 0.1262 0.1245 0.1231 
4 33 0.06634 0.06817 0.06881 0.06896 0.06886 0.06863 0.06836 
4 34 0.3383 0.319 0.2959 0.275 0.2572 0.2422 0.2291 
5 6 0.07628 0.06821 0.06226 0.05767 0.05397 0.05086 0.0482 
5 7 0.001268 0.001339 0.001369 0.001382 0.001387 0.001385 0.001383 
5 8 0.05498 0.05435 0.05457 0.05498 0.05539 0.05574 0.05605 
5 9 0.08912 0.08995 0.09025 0.0901 0.08967 0.08909 0.0885 
5 10 0.07474 0.06759 0.06292 0.05952 0.05685 0.0547 0.0529 
5 11 0.02828 0.02644 0.02512 0.02406 0.02319 0.02245 0.02183 
5 12 0.07265 0.06855 0.06665 0.06541 0.06443 0.06355 0.06276 
5 13 0.06669 0.06882 0.07006 0.07058 0.07058 0.07032 0.06982 
5 14 0.08226 0.08504 0.08581 0.08549 0.08457 0.08333 0.08201 
5 15 0.01786 0.01715 0.01664 0.01626 0.01596 0.01573 0.01553 
5 16 0.08325 0.08142 0.07977 0.07853 0.07756 0.07678 0.07607 
5 17 0.1568 0.1523 0.1482 0.1441 0.1401 0.1364 0.1329 
5 18 0.1285 0.1266 0.1244 0.1223 0.1202 0.1182 0.1164 
5 19 0.0007414 0.0007307 0.0007034 0.0006742 0.0006446 0.0006197 0.0005963 
5 20 0.05127 0.05091 0.05012 0.04916 0.0482 0.04728 0.04645 
5 21 0.05603 0.05487 0.05316 0.05143 0.04981 0.04836 0.04704 
5 22 0.04024 0.03986 0.03966 0.03942 0.03909 0.03874 0.03837 
5 23 0.007687 0.008087 0.008056 0.007871 0.007633 0.007364 0.007099 
5 24 0.002117 0.002428 0.002515 0.002511 0.002469 0.002413 0.002351 
5 25 0.00884 0.008736 0.008333 0.007893 0.007474 0.007094 0.006752 
5 26 0.2368 0.215 0.1998 0.1893 0.1815 0.1753 0.1701 
5 27 0.005325 0.005224 0.00501 0.004775 0.00456 0.004349 0.004167 
5 28 0.006229 0.006046 0.005818 0.005595 0.005398 0.005218 0.005071 
5 29 0.01671 0.01749 0.01788 0.018 0.01801 0.01793 0.01782 
5 30 0.03453 0.03496 0.03452 0.03381 0.03306 0.03234 0.03168 
5 31 0.01312 0.01344 0.0135 0.01343 0.01332 0.01319 0.01305 
5 32 0.04983 0.04987 0.04932 0.04865 0.04802 0.04746 0.04697 
5 33 0.02174 0.02225 0.0224 0.02241 0.02235 0.02226 0.02215 
5 34 0.0747 0.06998 0.06468 0.05992 0.05589 0.05243 0.04943 
6 7 0.267 0.2671 0.2714 0.2761 0.2797 0.282 0.2834 
6 8 0.2099 0.2026 0.1999 0.1985 0.1972 0.1959 0.1944 
6 9 0.2183 0.2098 0.2036 0.1982 0.1931 0.1883 0.1838 
6 10 0.9411 0.8565 0.8003 0.7571 0.7213 0.6904 0.6635 
6 11 0.2508 0.2267 0.2096 0.1963 0.1851 0.1757 0.1674 
6 12 0.8589 0.8226 0.7991 0.7796 0.7616 0.745 0.7293 
6 13 0.7512 0.7334 0.7186 0.7035 0.6882 0.6733 0.6587 
6 14 0.5673 0.5459 0.5294 0.5147 0.5011 0.4885 0.4768 
6 15 0.4871 0.4643 0.4482 0.4351 0.4234 0.413 0.4036 
6 16 0.3057 0.2927 0.2825 0.2737 0.2659 0.2587 0.2521 
6 17 0.06429 0.06244 0.06236 0.06207 0.06135 0.06028 0.05911 
6 18 0.205 0.1976 0.1904 0.184 0.178 0.1724 0.1675 
6 19 0.03038 0.03113 0.03115 0.03073 0.03006 0.02933 0.0285 
6 20 0.3269 0.3239 0.321 0.317 0.3124 0.3073 0.3022 
6 21 0.1838 0.1797 0.1771 0.1746 0.172 0.1694 0.1668 
6 22 0.4091 0.4089 0.4042 0.3973 0.3892 0.3806 0.3723 
6 23 0.374 0.3725 0.3743 0.3768 0.3792 0.3808 0.3819 
6 24 0.1082 0.1181 0.1221 0.1233 0.1232 0.1224 0.1214 
6 25 0.5204 0.4929 0.4765 0.4649 0.4558 0.4482 0.4417 
6 26 0.1295 0.1198 0.1119 0.1057 0.1006 0.09615 0.09231 
6 27 0.5348 0.5047 0.4821 0.4647 0.4508 0.4394 0.4301 
6 28 0.07474 0.07196 0.07022 0.06901 0.06809 0.06738 0.06682 
6 29 0.1875 0.1811 0.1769 0.1739 0.1715 0.1696 0.1679 
6 30 0.06734 0.06798 0.06727 0.06596 0.06442 0.06285 0.06127 
6 31 0.2014 0.2036 0.2011 0.1968 0.1922 0.1879 0.1839 
6 32 0.1201 0.1218 0.1203 0.1176 0.1146 0.1115 0.1085 
6 33 0.2071 0.2115 0.211 0.2084 0.2053 0.202 0.1989 
6 34 0.1508 0.1473 0.1409 0.1343 0.1283 0.1231 0.1178 
7 8 3.101 2.987 2.86 2.745 2.644 2.554 2.476 
7 9 0.6389 0.5851 0.5487 0.5214 0.4998 0.4814 0.4656 
7 10 0.2474 0.2367 0.2328 0.2314 0.2309 0.2307 0.2304 
7 11 0.04948 0.04997 0.04974 0.04919 0.04833 0.04753 0.0466 
7 12 1.502 1.39 1.314 1.256 1.21 1.171 1.137 
7 13 0.6755 0.6182 0.5792 0.5503 0.5278 0.5094 0.4937 
7 14 0.1579 0.1362 0.122 0.1121 0.1046 0.09852 0.09357 
7 15 2.993 3.019 2.992 2.949 2.903 2.855 2.81 
7 16 1.248 1.218 1.186 1.157 1.131 1.109 1.088 
7 17 0.0025 0.004033 0.00525 0.006158 0.006805 0.007273 0.007587 
7 18 0.3164 0.3093 0.3039 0.2997 0.2961 0.2927 0.2898 
7 19 2.376 2.413 2.43 2.433 2.427 2.415 2.4 
7 20 0.1091 0.1165 0.119 0.1191 0.1182 0.1169 0.1152 
7 21 0.01475 0.01674 0.01779 0.01831 0.01853 0.0186 0.01855 
7 22 0.4428 0.5072 0.5338 0.5418 0.5407 0.5355 0.5281 
7 23 0.9308 0.8666 0.8313 0.8077 0.7893 0.7735 0.7599 
7 24 0.00113 0.001504 0.001696 0.00179 0.001836 0.001857 0.001867 
7 25 0.2434 0.2331 0.2261 0.2206 0.2161 0.2123 0.2087 
7 26 0.03131 0.03057 0.02997 0.02969 0.02958 0.02947 0.02934 
7 27 0.5978 0.5621 0.5376 0.5196 0.5058 0.4945 0.4855 
7 28 0.001155 0.001176 0.001205 0.001226 0.001238 0.001245 0.001248 
7 29 0.03642 0.03891 0.04045 0.04134 0.04181 0.04204 0.04207 
7 30 0.03689 0.03731 0.03733 0.03714 0.03685 0.0365 0.03618 
7 31 1.065 1.079 1.081 1.078 1.072 1.065 1.059 
7 32 0.2698 0.2709 0.269 0.2658 0.2623 0.2587 0.2553 
7 33 0.1778 0.1813 0.1827 0.1829 0.1825 0.1817 0.181 
7 34 0.3693 0.3679 0.3604 0.3506 0.3405 0.3306 0.3208 
8 9 2.76 2.621 2.492 2.381 2.286 2.204 2.133 
8 10 0.4852 0.4638 0.4568 0.4541 0.4523 0.4501 0.4477 
8 11 0.4862 0.4391 0.4183 0.4069 0.4007 0.396 0.3936 
8 12 1.448 1.364 1.301 1.252 1.21 1.175 1.144 
8 13 0.7565 0.6996 0.6622 0.6338 0.6109 0.5914 0.5742 
8 14 0.5605 0.5178 0.4884 0.4664 0.4489 0.4345 0.4224 
8 15 1.284 1.279 1.26 1.239 1.218 1.199 1.181 
8 16 1.617 1.612 1.587 1.558 1.529 1.502 1.475 
8 17 0.002307 0.003875 0.005187 0.006203 0.006995 0.007606 0.008101 
8 18 1.021 0.9966 0.9695 0.9448 0.9229 0.9036 0.8862 
8 19 1.924 1.954 1.969 1.974 1.971 1.965 1.956 
8 20 0.237 0.2743 0.2906 0.2961 0.2963 0.294 0.2905 
8 21 0.07961 0.08517 0.08726 0.08756 0.08701 0.08598 0.08481 
8 22 0.1967 0.222 0.2338 0.2384 0.2393 0.2382 0.2359 
8 23 0.8359 0.7698 0.735 0.7127 0.6954 0.6812 0.6685 
8 24 0.004888 0.006138 0.006699 0.00692 0.006971 0.006931 0.006854 
8 25 0.2467 0.2377 0.2298 0.2229 0.2168 0.2116 0.2069 
8 26 0.04051 0.03921 0.03855 0.03828 0.0381 0.03786 0.03759 
8 27 0.5274 0.497 0.4741 0.4567 0.4432 0.4322 0.423 
8 28 0.03045 0.03102 0.0314 0.03157 0.03158 0.03151 0.0314 
8 29 0.06858 0.06932 0.06957 0.06957 0.06944 0.06926 0.06899 
8 30 0.2756 0.2706 0.2652 0.2599 0.2552 0.2509 0.2474 
8 31 0.394 0.3905 0.385 0.3785 0.3725 0.3667 0.3615 
8 32 0.6226 0.6124 0.6062 0.6006 0.596 0.5913 0.5873 
8 33 0.09994 0.1016 0.1022 0.1021 0.1017 0.1012 0.1006 
8 34 1.03 0.9858 0.9433 0.9049 0.871 0.841 0.8136 
9 10 0.8446 0.8126 0.7954 0.7838 0.7744 0.7657 0.7579 
9 11 0.3759 0.3766 0.383 0.388 0.39 0.3892 0.3868 
9 12 1.205 1.18 1.146 1.111 1.076 1.043 1.013 
9 13 1.126 1.062 1.016 0.9798 0.9498 0.924 0.9017 
9 14 0.6809 0.6337 0.6029 0.5792 0.5596 0.5428 0.5276 
9 15 0.5723 0.5684 0.5643 0.5593 0.5532 0.5469 0.5401 
9 16 0.9729 0.9656 0.9476 0.9284 0.9098 0.8923 0.876 
9 17 0.004681 0.006506 0.008038 0.009285 0.01027 0.01109 0.01168 
9 18 1.527 1.513 1.482 1.451 1.421 1.392 1.366 
9 19 1.414 1.434 1.443 1.446 1.444 1.441 1.435 
9 20 0.1756 0.1897 0.1957 0.1972 0.1966 0.1947 0.1922 
9 21 0.1872 0.2112 0.2221 0.2261 0.2265 0.2253 0.223 
9 22 0.2267 0.2344 0.2376 0.2383 0.2376 0.236 0.2342 
9 23 0.7783 0.7189 0.6879 0.668 0.6527 0.6402 0.6288 
9 24 0.02285 0.02607 0.02697 0.0269 0.0264 0.02576 0.02505 
9 25 0.334 0.3197 0.3061 0.2943 0.2843 0.2757 0.2683 
9 26 0.07109 0.06722 0.06423 0.06201 0.06016 0.0585 0.05697 
9 27 0.4696 0.4379 0.4159 0.3994 0.3865 0.3758 0.367 
9 28 0.02497 0.02485 0.02469 0.02446 0.02422 0.02397 0.0237 
9 29 0.09948 0.1021 0.1037 0.1045 0.1049 0.105 0.105 
9 30 0.4913 0.4947 0.4955 0.4946 0.493 0.4912 0.4894 
9 31 0.1937 0.196 0.1959 0.1944 0.1924 0.1901 0.1878 
9 32 0.3243 0.3288 0.3278 0.3243 0.32 0.3156 0.3114 
9 33 0.0688 0.07038 0.0707 0.07038 0.0698 0.06914 0.06841 
9 34 0.6199 0.6017 0.579 0.5561 0.5349 0.5158 0.4982 
10 11 0.2382 0.2346 0.2311 0.2269 0.2223 0.2177 0.213 
10 12 0.4608 0.4302 0.4097 0.3936 0.3796 0.3673 0.3562 
10 13 0.3867 0.381 0.3756 0.3691 0.362 0.3546 0.3472 
10 14 0.281 0.2791 0.2766 0.2729 0.2685 0.2636 0.2585 
10 15 0.2213 0.2048 0.1946 0.1869 0.1805 0.1748 0.1699 
10 16 0.1917 0.1888 0.1861 0.1834 0.1805 0.1776 0.1747 
10 17 0.03031 0.02974 0.03013 0.0304 0.03041 0.03021 0.02983 
10 18 0.2499 0.2392 0.2309 0.224 0.2178 0.2122 0.2072 
10 19 0.009744 0.01083 0.01126 0.01136 0.01128 0.01113 0.01092 
10 20 0.1656 0.1695 0.1699 0.1685 0.166 0.1631 0.1601 
10 21 0.1235 0.1267 0.1274 0.1268 0.1252 0.1234 0.1212 
10 22 0.2558 0.2591 0.2581 0.2549 0.2507 0.2459 0.2412 
10 23 0.2578 0.2594 0.2617 0.2639 0.2657 0.2668 0.2676 
10 24 0.08856 0.09858 0.1026 0.1037 0.1035 0.1026 0.1015 
10 25 0.3776 0.3461 0.3283 0.3165 0.3079 0.3011 0.2955 
10 26 0.0917 0.08586 0.07996 0.07494 0.07072 0.06706 0.06384 
10 27 0.2898 0.2786 0.2696 0.2624 0.2564 0.2513 0.247 
10 28 0.03178 0.03018 0.02892 0.0278 0.02681 0.02589 0.02513 
10 29 0.1098 0.1066 0.1039 0.1013 0.09891 0.09672 0.09474 
10 30 0.0849 0.08631 0.08567 0.08409 0.08226 0.08033 0.0785 
10 31 0.0706 0.06994 0.06841 0.06657 0.06474 0.06311 0.06161 
10 32 0.0923 0.09237 0.09063 0.08838 0.08609 0.08393 0.08197 
10 33 0.1724 0.1699 0.1677 0.1657 0.1639 0.1624 0.161 
10 34 0.07657 0.0746 0.07149 0.06838 0.06558 0.06295 0.06051 
11 12 0.2243 0.2096 0.1999 0.1926 0.1863 0.181 0.1762 
11 13 0.1143 0.1133 0.1119 0.1102 0.1083 0.1065 0.1046 
11 14 0.08141 0.08223 0.08238 0.08182 0.08084 0.07962 0.0782 
11 15 0.03387 0.03139 0.02979 0.02861 0.02767 0.02684 0.02613 
11 16 0.1192 0.1127 0.1081 0.1044 0.1011 0.09817 0.09552 
11 17 0.00848 0.007734 0.007445 0.007272 0.007133 0.007002 0.006879 
11 18 0.07894 0.07787 0.07678 0.07562 0.07438 0.07312 0.07192 
11 19 0.00261 0.00282 0.002873 0.002863 0.002823 0.002782 0.002732 
11 20 0.07116 0.07314 0.0734 0.07277 0.07171 0.07043 0.06913 
11 21 0.03559 0.03813 0.03889 0.03882 0.03832 0.03762 0.03682 
11 22 0.07287 0.07557 0.07636 0.07618 0.07549 0.07453 0.07345 
11 23 0.08487 0.08577 0.08701 0.08821 0.08927 0.09006 0.09074 
11 24 0.03948 0.04553 0.04796 0.04866 0.04853 0.04801 0.04734 
11 25 0.1338 0.1212 0.1141 0.1094 0.1059 0.1032 0.101 
11 26 0.02595 0.0242 0.02251 0.02109 0.01991 0.01889 0.018 
11 27 0.08262 0.08246 0.08165 0.08067 0.07967 0.07871 0.07784 
11 28 0.01612 0.01528 0.01464 0.01401 0.01343 0.01285 0.0124 
11 29 0.03127 0.02926 0.02774 0.02645 0.02533 0.02435 0.02347 
11 30 0.03471 0.03467 0.03407 0.03325 0.0324 0.03159 0.03086 
11 31 0.01405 0.01331 0.01268 0.01212 0.01164 0.01121 0.01083 
11 32 0.03457 0.03488 0.03466 0.03421 0.03367 0.03313 0.03261 
11 33 0.06406 0.06278 0.06209 0.06161 0.06122 0.06095 0.06069 
11 34 0.02097 0.02118 0.02077 0.0202 0.0196 0.01902 0.01842 
12 13 0.9783 0.9717 0.9619 0.9471 0.9294 0.91 0.8905 
12 14 0.3646 0.3614 0.3569 0.3508 0.3436 0.3361 0.3283 
12 15 1.252 1.251 1.245 1.232 1.213 1.192 1.17 
12 16 0.8429 0.8332 0.8224 0.8104 0.7975 0.7845 0.7716 
12 17 0.01986 0.02341 0.02618 0.02806 0.02928 0.03012 0.03057 
12 18 0.4659 0.449 0.4324 0.4176 0.4044 0.3924 0.3816 
12 19 0.6805 0.6886 0.6967 0.7034 0.708 0.7114 0.7134 
12 20 0.4328 0.4324 0.4302 0.4267 0.4226 0.4181 0.4138 
12 21 0.1532 0.154 0.1529 0.1509 0.1483 0.1457 0.1429 
12 22 0.8104 0.8087 0.8038 0.7971 0.7897 0.7819 0.7744 
12 23 0.9737 0.9332 0.9136 0.9014 0.8918 0.8835 0.8756 
12 24 0.05258 0.0542 0.05496 0.05509 0.05484 0.05433 0.05373 
12 25 0.5402 0.5275 0.5172 0.5083 0.5005 0.4935 0.4872 
12 26 0.1805 0.1704 0.16 0.151 0.1435 0.1368 0.1309 
12 27 0.5652 0.5332 0.5105 0.4918 0.476 0.462 0.4498 
12 28 0.06081 0.06082 0.0608 0.06074 0.06058 0.0604 0.06026 
12 29 0.09932 0.101 0.1013 0.1009 0.1001 0.09911 0.09813 
12 30 0.1501 0.1549 0.1566 0.1566 0.1557 0.1545 0.153 
12 31 0.6057 0.6138 0.6137 0.6085 0.6014 0.5935 0.5857 
12 32 0.3181 0.3155 0.313 0.3098 0.3065 0.3028 0.299 
12 33 0.1997 0.199 0.1962 0.1926 0.1891 0.1858 0.1828 
12 34 0.3887 0.3839 0.3702 0.3547 0.3402 0.327 0.3142 
13 14 1.021 0.9806 0.9509 0.9241 0.8988 0.875 0.8528 
13 15 0.6598 0.6558 0.6501 0.6417 0.6311 0.6198 0.6079 
13 16 0.6146 0.621 0.6213 0.616 0.6068 0.5956 0.5835 
13 17 0.02271 0.02738 0.03055 0.03242 0.03346 0.03409 0.03429 
13 18 0.6221 0.6153 0.6074 0.5981 0.5878 0.5769 0.5662 
13 19 0.3698 0.3795 0.3883 0.396 0.4023 0.4076 0.4117 
13 20 0.4398 0.4393 0.4366 0.4327 0.4281 0.4233 0.4185 
13 21 0.3254 0.3195 0.3148 0.3104 0.3063 0.3024 0.2987 
13 22 0.5275 0.5183 0.511 0.504 0.4973 0.4906 0.4843 
13 23 0.8274 0.8001 0.7851 0.7753 0.7676 0.7612 0.7554 
13 24 0.054 0.05631 0.05731 0.05747 0.05713 0.0565 0.05572 
13 25 0.5616 0.5415 0.5258 0.5127 0.5019 0.4926 0.4844 
13 26 0.1904 0.1808 0.1702 0.1609 0.1528 0.1455 0.1391 
13 27 0.4294 0.417 0.406 0.3953 0.3852 0.3758 0.367 
13 28 0.02743 0.02821 0.02824 0.0279 0.02741 0.02688 0.02635 
13 29 0.132 0.132 0.1307 0.1289 0.1272 0.1254 0.1237 
13 30 0.2103 0.2153 0.2173 0.217 0.2156 0.2135 0.2112 
13 31 0.2668 0.2714 0.272 0.2703 0.2676 0.2645 0.2613 
13 32 0.3538 0.3565 0.3556 0.3524 0.3484 0.3441 0.3396 
13 33 0.1619 0.1654 0.1654 0.1639 0.1618 0.1597 0.1575 
13 34 0.4561 0.4465 0.4272 0.407 0.3884 0.3718 0.3569 
14 15 0.2292 0.2161 0.2057 0.1967 0.1889 0.182 0.1756 
14 16 0.4899 0.4905 0.4886 0.4841 0.4777 0.4704 0.4629 
14 17 0.01779 0.02141 0.0238 0.02515 0.02586 0.02616 0.02623 
14 18 0.5802 0.5959 0.6023 0.6014 0.5958 0.5875 0.5779 
14 19 0.2537 0.2582 0.2629 0.2677 0.2717 0.2756 0.2788 
14 20 0.3927 0.3884 0.3847 0.3807 0.3765 0.3722 0.368 
14 21 0.3513 0.348 0.3438 0.3392 0.3345 0.33 0.3257 
14 22 0.2379 0.2317 0.2267 0.2219 0.2174 0.2132 0.2091 
14 23 0.5898 0.579 0.5722 0.5671 0.5628 0.559 0.5553 
14 24 0.04907 0.05194 0.05268 0.05246 0.05178 0.05086 0.0499 
14 25 0.4711 0.4475 0.4296 0.4156 0.4044 0.3949 0.387 
14 26 0.1224 0.1166 0.1108 0.1058 0.1013 0.0972 0.09342 
14 27 0.2855 0.2838 0.2797 0.2745 0.269 0.2634 0.2579 
14 28 0.04117 0.04091 0.04016 0.0393 0.03847 0.03767 0.03698 
14 29 0.08197 0.08334 0.08287 0.08164 0.08016 0.07859 0.07705 
14 30 0.3052 0.3084 0.3083 0.306 0.3026 0.2987 0.295 
14 31 0.08938 0.08894 0.08805 0.08687 0.08566 0.08448 0.0833 
14 32 0.2109 0.2147 0.2155 0.2143 0.2123 0.2098 0.2073 
14 33 0.119 0.1224 0.1231 0.1226 0.1215 0.1203 0.1189 
14 34 0.2893 0.2828 0.27 0.2568 0.2448 0.2341 0.2243 
15 16 1.465 1.426 1.386 1.347 1.311 1.276 1.245 
15 17 0.008348 0.01303 0.01651 0.01896 0.0207 0.02195 0.02281 
15 18 0.2797 0.2652 0.2528 0.2421 0.2329 0.2246 0.217 
15 19 1.027 1.075 1.102 1.115 1.12 1.114 1.109 
15 20 0.3041 0.3173 0.324 0.3261 0.3255 0.3233 0.3205 
15 21 0.1356 0.1394 0.1427 0.1449 0.1462 0.1469 0.1472 
15 22 0.9362 0.9874 1.013 1.024 1.027 1.025 1.02 
15 23 0.9004 0.8965 0.8967 0.8942 0.889 0.8817 0.8736 
15 24 0.05773 0.06019 0.06144 0.06226 0.06288 0.06338 0.06375 
15 25 0.3717 0.3517 0.3401 0.3317 0.325 0.3193 0.3138 
15 26 0.2087 0.1872 0.1702 0.1573 0.1471 0.1387 0.1316 
15 27 0.7652 0.7223 0.6934 0.6712 0.6536 0.6387 0.6262 
15 28 0.01206 0.01235 0.0123 0.01213 0.01191 0.01167 0.01146 
15 29 0.1031 0.1039 0.1017 0.09879 0.09605 0.09343 0.09098 
15 30 0.04763 0.05252 0.05506 0.0561 0.05631 0.05608 0.0556 
15 31 0.824 0.8465 0.8584 0.8631 0.8638 0.8626 0.8603 
15 32 0.2423 0.2521 0.2578 0.2605 0.2611 0.2606 0.2593 
15 33 0.3494 0.3591 0.3557 0.3483 0.3403 0.3326 0.3256 
15 34 0.3362 0.3289 0.3168 0.3038 0.2913 0.2798 0.2686 
16 17 0.007412 0.01164 0.01489 0.01727 0.01901 0.02031 0.02127 
16 18 1.319 1.269 1.224 1.184 1.148 1.116 1.088 
16 19 0.8195 0.8484 0.8626 0.8681 0.8681 0.8649 0.8595 
16 20 0.5221 0.5446 0.5577 0.5643 0.567 0.5675 0.5666 
16 21 0.1807 0.1903 0.1942 0.1946 0.1932 0.1909 0.1881 
16 22 0.4487 0.481 0.4977 0.5049 0.5068 0.5057 0.5027 
16 23 0.7525 0.7557 0.7591 0.7588 0.7558 0.7509 0.7448 
16 24 0.05892 0.06309 0.0649 0.06577 0.06621 0.06642 0.06649 
16 25 0.5165 0.4506 0.4124 0.3865 0.3674 0.3524 0.3402 
16 26 0.2236 0.1977 0.1777 0.1627 0.151 0.1414 0.1333 
16 27 0.6592 0.6238 0.5988 0.5796 0.5641 0.551 0.5398 
16 28 0.04354 0.04583 0.04578 0.04493 0.04384 0.04273 0.04168 
16 29 0.124 0.131 0.1321 0.1309 0.1289 0.1267 0.1245 
16 30 0.1951 0.2027 0.2074 0.2097 0.2106 0.2106 0.2101 
16 31 0.302 0.3105 0.3152 0.317 0.3171 0.3162 0.3146 
16 32 0.4449 0.4542 0.4593 0.4612 0.4611 0.4602 0.4587 
16 33 0.2384 0.2376 0.2317 0.2244 0.2173 0.2112 0.2058 
16 34 0.6081 0.5918 0.5677 0.5433 0.5204 0.5 0.4811 
17 18 0.004258 0.006362 0.008063 0.009436 0.01053 0.01142 0.01211 
17 19 0.002553 0.002454 0.002387 0.002354 0.002341 0.002325 0.002311 
17 20 0.0317 0.03205 0.03121 0.03038 0.0297 0.02906 0.02847 
17 21 0.02119 0.02115 0.02025 0.01943 0.01877 0.0182 0.0177 
17 22 0.02445 0.02551 0.02556 0.02553 0.02545 0.02533 0.02513 
17 23 0.006605 0.007522 0.007917 0.008187 0.008392 0.008527 0.008623 
17 24 0.002973 0.003645 0.003972 0.004118 0.004171 0.004166 0.004127 
17 25 0.005144 0.005634 0.00634 0.00704 0.007597 0.007989 0.008271 
17 26 7.498 7.031 6.875 6.807 6.746 6.668 6.572 
17 27 0.004192 0.006145 0.007528 0.008384 0.00887 0.009092 0.009176 
17 28 0.006513 0.007347 0.00745 0.007256 0.006969 0.006646 0.006336 
17 29 0.01852 0.02076 0.02101 0.02047 0.01968 0.01874 0.01783 
17 30 0.0235 0.0259 0.02587 0.02503 0.02384 0.02263 0.02144 
17 31 0.02554 0.02883 0.02935 0.02876 0.02771 0.02646 0.02528 
17 32 0.03333 0.03534 0.03469 0.03318 0.03143 0.02966 0.02802 
17 33 0.02789 0.02999 0.02979 0.02869 0.02728 0.02592 0.02454 
17 34 1.081 1.047 0.9976 0.9507 0.9097 0.8743 0.8437 
18 19 0.6097 0.6315 0.6422 0.6465 0.6466 0.6446 0.6406 
18 20 0.3191 0.338 0.3468 0.3496 0.3492 0.3471 0.344 
18 21 0.3781 0.3955 0.4031 0.4053 0.4046 0.4025 0.3997 
18 22 0.2416 0.2603 0.2713 0.2772 0.2797 0.2803 0.2799 
18 23 0.5726 0.5755 0.5785 0.5789 0.5772 0.5741 0.57 
18 24 0.05246 0.05828 0.06081 0.0619 0.06229 0.06234 0.0622 
18 25 0.4181 0.3768 0.3495 0.3295 0.314 0.3014 0.2908 
18 26 0.1994 0.1781 0.161 0.1478 0.1375 0.1289 0.1217 
18 27 0.5011 0.4808 0.4653 0.4529 0.4426 0.4335 0.4256 
18 28 0.05509 0.05801 0.05856 0.05814 0.05738 0.05654 0.05569 
18 29 0.1362 0.1438 0.1443 0.1422 0.1393 0.1363 0.1334 
18 30 0.3942 0.4035 0.4097 0.4128 0.4142 0.4144 0.414 
18 31 0.08367 0.08707 0.08907 0.08978 0.08968 0.08911 0.08825 
18 32 0.2532 0.2612 0.2655 0.2674 0.2677 0.2672 0.2663 
18 33 0.1216 0.1237 0.1219 0.1187 0.1153 0.1123 0.1095 
18 34 0.4121 0.4027 0.3865 0.3695 0.3534 0.3387 0.3255 
19 20 0.4712 0.4838 0.483 0.4793 0.4752 0.4715 0.4683 
19 21 0.4396 0.4424 0.4377 0.433 0.429 0.4265 0.4244 
19 22 0.5204 0.544 0.548 0.5458 0.5415 0.5363 0.5316 
19 23 1.847 1.984 2.043 2.056 2.044 2.02 1.989 
19 24 0.05927 0.07576 0.08201 0.08386 0.08374 0.08284 0.08145 
19 25 0.3679 0.3388 0.3204 0.3053 0.2921 0.2805 0.2704 
19 26 0.00701 0.007265 0.007221 0.007129 0.007024 0.006909 0.006802 
19 27 1.073 0.9412 0.8532 0.7898 0.7416 0.7039 0.6735 
19 28 0.001285 0.001229 0.001226 0.001241 0.001263 0.001285 0.001304 
19 29 0.006313 0.005976 0.005846 0.005768 0.00572 0.005691 0.005637 
19 30 0.2567 0.2567 0.2547 0.2524 0.2504 0.2487 0.2474 
19 31 0.4421 0.4521 0.4549 0.455 0.4543 0.4529 0.4517 
19 32 0.3483 0.3529 0.3531 0.3519 0.3504 0.349 0.3477 
19 33 0.01433 0.01485 0.01512 0.01521 0.01518 0.0151 0.01496 
19 34 0.0708 0.07401 0.07473 0.07413 0.07288 0.07131 0.06942 
20 21 0.7512 0.722 0.7089 0.6989 0.6894 0.6799 0.6708 
20 22 0.5906 0.5959 0.6019 0.6042 0.603 0.5994 0.5945 
20 23 0.1981 0.2022 0.2035 0.2034 0.2026 0.2014 0.2 
20 24 0.09185 0.09385 0.09426 0.09412 0.09376 0.09322 0.09264 
20 25 0.3765 0.3542 0.34 0.3293 0.3207 0.3131 0.3064 
20 26 0.1974 0.1875 0.1769 0.1672 0.1588 0.1511 0.1442 
20 27 0.4739 0.4554 0.4421 0.4316 0.423 0.4155 0.4091 
20 28 0.1592 0.1534 0.149 0.1457 0.1432 0.1413 0.1398 
20 29 0.1539 0.1513 0.1474 0.1433 0.1394 0.136 0.133 
20 30 0.193 0.1983 0.2016 0.2031 0.2035 0.2033 0.2027 
20 31 0.2015 0.2124 0.2186 0.2216 0.2227 0.2229 0.2223 
20 32 0.1624 0.1696 0.1722 0.1721 0.1706 0.1685 0.166 
20 33 0.3666 0.3563 0.3482 0.3414 0.3357 0.331 0.3271 
20 34 0.2832 0.2712 0.2567 0.243 0.2309 0.2203 0.2107 
21 22 0.1793 0.1885 0.1958 0.2009 0.2034 0.2041 0.2039 
21 23 0.07082 0.07184 0.07212 0.07202 0.07172 0.07132 0.07085 
21 24 0.05899 0.06097 0.06135 0.06119 0.06078 0.06026 0.05973 
21 25 0.2217 0.2134 0.2068 0.2012 0.1963 0.1918 0.1877 
21 26 0.1222 0.1143 0.1072 0.1012 0.09613 0.09156 0.08746 
21 27 0.277 0.2706 0.2652 0.2604 0.2561 0.2521 0.2487 
21 28 0.03598 0.03463 0.0331 0.03165 0.03036 0.02922 0.0283 
21 29 0.2367 0.227 0.2199 0.2146 0.2106 0.2073 0.2047 
21 30 0.1204 0.1254 0.1275 0.1278 0.1272 0.126 0.1246 
21 31 0.06349 0.06627 0.06748 0.06786 0.06779 0.06753 0.06713 
21 32 0.1417 0.1476 0.1515 0.1536 0.1546 0.1548 0.1545 
21 33 0.1446 0.1429 0.1412 0.1393 0.1374 0.1357 0.134 
21 34 0.1393 0.134 0.1272 0.1205 0.1145 0.1092 0.1044 
22 23 0.3877 0.398 0.4023 0.4032 0.4023 0.4004 0.3979 
22 24 0.1224 0.1234 0.1236 0.1235 0.1234 0.1231 0.1227 
22 25 0.4503 0.434 0.4234 0.4149 0.4075 0.4005 0.3941 
22 26 0.2753 0.2673 0.2544 0.2417 0.23 0.2188 0.2088 
22 27 0.7115 0.6675 0.6383 0.6169 0.6 0.5861 0.5745 
22 28 0.04909 0.04763 0.04631 0.04504 0.04386 0.04276 0.04175 
22 29 0.2994 0.2923 0.2863 0.2812 0.2769 0.2734 0.2704 
22 30 0.1021 0.1045 0.1057 0.106 0.1056 0.105 0.1043 
22 31 0.4455 0.4625 0.4723 0.4761 0.4763 0.4746 0.4717 
22 32 0.28 0.2826 0.2839 0.2836 0.2826 0.281 0.279 
22 33 0.5736 0.5572 0.5429 0.5306 0.5204 0.5121 0.5055 
22 34 0.2419 0.2351 0.2243 0.2131 0.2028 0.1934 0.1849 
23 24 0.1407 0.1682 0.1794 0.1827 0.1823 0.1802 0.1774 
23 25 0.996 0.9678 0.9305 0.8944 0.8619 0.833 0.807 
23 26 0.04145 0.03893 0.03707 0.03558 0.03422 0.03298 0.03182 
23 27 1.278 1.152 1.062 0.9907 0.933 0.8851 0.8443 
23 28 0.02886 0.02804 0.02717 0.02641 0.02579 0.02528 0.02486 
23 29 0.09227 0.09128 0.08926 0.08719 0.0854 0.08381 0.08245 
23 30 0.1225 0.1323 0.1372 0.1388 0.1387 0.1378 0.1363 
23 31 0.2296 0.243 0.2492 0.2507 0.2497 0.2471 0.2441 
23 32 0.1923 0.2032 0.2079 0.2089 0.2078 0.2056 0.2029 
23 33 0.1899 0.1891 0.1857 0.1818 0.1782 0.1751 0.1724 
23 34 0.135 0.1288 0.1225 0.1166 0.111 0.1059 0.1012 
24 25 0.1982 0.187 0.1786 0.1717 0.1659 0.1608 0.1563 
24 26 0.006558 0.006013 0.00572 0.005531 0.005387 0.005256 0.005138 
24 27 0.1358 0.1285 0.1243 0.1213 0.119 0.1169 0.1151 
24 28 0.01175 0.01386 0.01473 0.01496 0.0149 0.01466 0.01436 
24 29 0.02961 0.03362 0.03502 0.03517 0.0347 0.03399 0.03312 
24 30 0.02365 0.02558 0.0256 0.02487 0.0239 0.02289 0.02192 
24 31 0.02377 0.02361 0.02258 0.02136 0.02018 0.0191 0.01815 
24 32 0.02615 0.02676 0.02601 0.02485 0.02363 0.02248 0.02142 
24 33 0.04564 0.04874 0.04948 0.04902 0.04802 0.04682 0.04556 
24 34 0.02261 0.01865 0.01613 0.01438 0.01308 0.01207 0.01124 
25 26 0.05613 0.05069 0.04655 0.04336 0.04082 0.03866 0.03678 
25 27 1.105 1.017 0.9541 0.9071 0.8703 0.8403 0.8151 
25 28 0.06184 0.05779 0.05448 0.05187 0.04977 0.04805 0.04662 
25 29 0.1861 0.1717 0.1611 0.1533 0.1472 0.1422 0.1381 
25 30 0.1201 0.1191 0.1162 0.1129 0.1097 0.1066 0.1038 
25 31 0.1906 0.1837 0.1781 0.1735 0.1696 0.1664 0.1636 
25 32 0.1563 0.1524 0.1483 0.1445 0.141 0.1378 0.1348 
25 33 0.3634 0.3216 0.2964 0.2794 0.2669 0.2573 0.2497 
25 34 0.08232 0.07642 0.0708 0.0659 0.06168 0.05806 0.05484 
26 27 0.03542 0.03836 0.03895 0.03856 0.03791 0.03691 0.03593 
26 28 0.01083 0.0124 0.01299 0.01308 0.01291 0.0126 0.01227 
26 29 0.04015 0.04369 0.04464 0.04424 0.04327 0.04191 0.04043 
26 30 0.04244 0.04641 0.04733 0.04679 0.04554 0.04401 0.04237 
26 31 0.05449 0.05879 0.05966 0.05899 0.0575 0.05581 0.05395 
26 32 0.05663 0.06137 0.06221 0.06129 0.05964 0.05748 0.05538 
26 33 0.05373 0.06009 0.06201 0.06174 0.06047 0.05874 0.05673 
26 34 0.6052 0.57 0.5317 0.4956 0.4626 0.4336 0.4075 
27 28 0.06473 0.06188 0.05952 0.05772 0.05634 0.0552 0.05425 
27 29 0.1921 0.1821 0.1747 0.1692 0.165 0.1617 0.1588 
27 30 0.2823 0.2675 0.2565 0.2474 0.2395 0.2326 0.2265 
27 31 0.5242 0.4862 0.4608 0.4413 0.4256 0.4121 0.4007 
27 32 0.4115 0.3857 0.368 0.3539 0.342 0.3319 0.3229 
27 33 0.3292 0.2976 0.2794 0.2674 0.2586 0.2521 0.2467 
27 34 0.08037 0.08278 0.08131 0.07844 0.07518 0.07191 0.06869 
28 29 0.1438 0.1431 0.14 0.1369 0.1342 0.1319 0.1298 
28 30 0.1408 0.1464 0.1487 0.1491 0.1487 0.148 0.1472 
28 31 0.0838 0.08153 0.07903 0.07703 0.07555 0.07445 0.07361 
28 32 0.08432 0.09124 0.09402 0.09462 0.09418 0.09327 0.09216 
28 33 0.1079 0.1073 0.1036 0.09935 0.09533 0.09176 0.08858 
28 34 0.01772 0.01725 0.01649 0.01575 0.01509 0.01451 0.01398 
29 30 0.3 0.3116 0.3154 0.3151 0.313 0.31 0.3071 
29 31 0.2882 0.2915 0.2897 0.2861 0.2823 0.2787 0.2754 
29 32 0.3956 0.4033 0.4035 0.4005 0.3966 0.3926 0.3886 
29 33 0.4423 0.4344 0.4194 0.4044 0.391 0.3795 0.3695 
29 34 0.06336 0.06047 0.05695 0.05373 0.05098 0.04863 0.04652 
30 31 0.2614 0.2848 0.2986 0.3055 0.3087 0.3095 0.309 
30 32 0.6931 0.723 0.738 0.7429 0.7429 0.7397 0.7346 
30 33 0.2715 0.272 0.2686 0.2644 0.2603 0.2567 0.2535 
30 34 0.1875 0.1895 0.1831 0.1747 0.1661 0.1582 0.1511 
31 32 1.062 1.134 1.172 1.188 1.193 1.191 1.185 
31 33 0.8424 0.8873 0.9026 0.9037 0.8986 0.8913 0.8833 
31 34 0.2114 0.2131 0.2063 0.1972 0.188 0.1794 0.1715 
32 33 0.4958 0.5128 0.5162 0.5137 0.5091 0.504 0.4988 
32 34 0.2943 0.2973 0.2874 0.2742 0.2609 0.2486 0.2373 
33 34 0.1001 0.09431 0.08838 0.08319 0.0788 0.07504 0.07177 
*** Fe III collision strengths
*** ATOM iron
*** SPECTRUM 3
*** N_LEVELS 34
*** GSCONFIG d6
*** T_UNIT log(K)
*** SOURCE1 Bautista, Ballance and Quinet 2010
*** NOTE1 Collision strengths
