*** FeIII collision strengths data
0 0 1000.0 3000.0 5000.0 7000.0 10000.0 12000.0 15000.0 17000.0 20000.0 25000.0 30000.0 35000.0 40000.0 45000.0 50000.0 60000.0 70000.0 80000.0 90000.0 100000.0
1 2 2.85 2.29 2.48 2.7 2.92 3.0 3.05 3.06 3.04 2.99 2.92 2.85 2.79 2.73 2.68 2.59 2.51 2.44 2.38 2.32
1 3 0.841 0.841 1.0 1.13 1.24 1.29 1.32 1.33 1.33 1.31 1.29 1.27 1.24 1.22 1.2 1.17 1.14 1.11 1.08 1.05
2 3 1.57 1.5 1.7 1.88 2.06 2.13 2.18 2.19 2.19 2.17 2.14 2.1 2.06 2.03 1.99 1.93 1.88 1.83 1.79 1.74
1 4 0.418 0.414 0.484 0.541 0.595 0.615 0.631 0.637 0.639 0.636 0.629 0.621 0.613 0.604 0.596 0.579 0.563 0.548 0.533 0.52
2 4 0.398 0.489 0.621 0.716 0.799 0.827 0.848 0.851 0.849 0.835 0.817 0.8 0.783 0.768 0.755 0.73 0.708 0.688 0.669 0.652
3 4 0.943 0.929 1.06 1.18 1.29 1.33 1.36 1.37 1.37 1.35 1.33 1.31 1.29 1.26 1.24 1.21 1.18 1.15 1.12 1.09
1 5 0.133 0.129 0.148 0.164 0.18 0.187 0.192 0.194 0.196 0.196 0.195 0.194 0.192 0.19 0.187 0.183 0.178 0.173 0.169 0.164
2 5 0.101 0.133 0.174 0.202 0.225 0.233 0.238 0.238 0.237 0.232 0.227 0.222 0.218 0.215 0.211 0.205 0.2 0.195 0.19 0.185
3 5 0.131 0.185 0.239 0.278 0.312 0.324 0.333 0.335 0.334 0.329 0.322 0.315 0.308 0.302 0.297 0.286 0.278 0.27 0.262 0.255
4 5 0.41 0.379 0.416 0.454 0.493 0.508 0.52 0.524 0.524 0.52 0.513 0.506 0.498 0.491 0.484 0.472 0.461 0.451 0.441 0.433
1 6 0.628 0.647 0.624 0.603 0.58 0.569 0.555 0.548 0.54 0.533 0.532 0.536 0.541 0.547 0.553 0.563 0.569 0.572 0.572 0.57
2 6 0.37 0.382 0.364 0.35 0.335 0.328 0.32 0.316 0.311 0.307 0.305 0.306 0.307 0.309 0.311 0.315 0.316 0.316 0.315 0.313
3 6 0.191 0.2 0.19 0.182 0.173 0.169 0.164 0.162 0.159 0.155 0.154 0.153 0.153 0.153 0.153 0.154 0.153 0.152 0.151 0.149
4 6 0.0827 0.0885 0.0845 0.0806 0.0767 0.0749 0.0729 0.0718 0.0705 0.0688 0.0678 0.0672 0.0668 0.0665 0.0662 0.0656 0.0649 0.064 0.0631 0.0621
5 6 0.0219 0.0241 0.0231 0.0221 0.0211 0.0206 0.0201 0.0198 0.0194 0.019 0.0186 0.0184 0.0182 0.0181 0.0179 0.0177 0.0174 0.0171 0.0168 0.0164
1 10 0.193 0.199 0.186 0.175 0.165 0.16 0.155 0.153 0.149 0.146 0.143 0.142 0.141 0.14 0.14 0.139 0.137 0.135 0.134 0.132
2 10 0.195 0.209 0.205 0.2 0.195 0.192 0.188 0.185 0.183 0.18 0.18 0.181 0.183 0.185 0.186 0.189 0.191 0.191 0.191 0.19
3 10 0.191 0.198 0.192 0.186 0.179 0.176 0.172 0.17 0.167 0.165 0.165 0.167 0.169 0.171 0.173 0.176 0.179 0.18 0.18 0.179
4 10 0.143 0.145 0.138 0.132 0.126 0.123 0.12 0.118 0.117 0.115 0.115 0.116 0.118 0.119 0.121 0.123 0.124 0.125 0.125 0.125
5 10 0.0534 0.0533 0.0501 0.0476 0.0453 0.0442 0.0431 0.0425 0.0418 0.0413 0.0413 0.0417 0.0421 0.0427 0.0432 0.044 0.0445 0.0447 0.0448 0.0447
6 10 1.93 1.43 1.26 1.18 1.1 1.07 1.02 0.99 0.951 0.895 0.846 0.804 0.767 0.734 0.705 0.655 0.614 0.58 0.551 0.526
1 11 0.0169 0.0222 0.0224 0.0219 0.0213 0.021 0.0206 0.0203 0.0199 0.0192 0.0186 0.018 0.0175 0.017 0.0165 0.0156 0.0149 0.0141 0.0135 0.0129
2 11 0.087 0.086 0.079 0.0741 0.0698 0.0679 0.066 0.0651 0.064 0.063 0.0625 0.0625 0.0627 0.0629 0.0631 0.0634 0.0635 0.0633 0.0629 0.0624
3 11 0.0836 0.0848 0.0807 0.0774 0.0741 0.0726 0.0708 0.0698 0.0689 0.0683 0.0686 0.0695 0.0706 0.0718 0.073 0.0749 0.0762 0.0769 0.0772 0.0771
4 11 0.0533 0.0561 0.0553 0.0543 0.0528 0.052 0.0509 0.0503 0.0497 0.0495 0.05 0.051 0.0522 0.0535 0.0546 0.0566 0.058 0.0589 0.0593 0.0595
5 11 0.0177 0.0191 0.0193 0.0192 0.0189 0.0186 0.0182 0.018 0.0177 0.0173 0.017 0.0167 0.0166 0.0165 0.0164 0.0162 0.0161 0.016 0.0158 0.0157
6 11 0.445 0.345 0.315 0.298 0.282 0.273 0.26 0.253 0.242 0.226 0.212 0.2 0.189 0.18 0.172 0.158 0.147 0.137 0.129 0.122
10 11 0.75 0.524 0.446 0.408 0.377 0.365 0.35 0.342 0.331 0.316 0.302 0.291 0.28 0.271 0.263 0.248 0.236 0.226 0.217 0.209
1 7 1.38 1.45 1.4 1.37 1.34 1.33 1.32 1.32 1.32 1.34 1.37 1.41 1.46 1.5 1.54 1.6 1.65 1.67 1.69 1.7
2 7 0.595 0.599 0.577 0.563 0.555 0.554 0.554 0.555 0.558 0.569 0.586 0.605 0.624 0.643 0.66 0.688 0.707 0.719 0.726 0.729
3 7 0.192 0.192 0.185 0.18 0.178 0.178 0.179 0.18 0.181 0.186 0.192 0.199 0.205 0.212 0.218 0.227 0.233 0.237 0.239 0.24
4 7 0.0364 0.037 0.0358 0.035 0.0348 0.0349 0.0353 0.0356 0.0362 0.0373 0.0386 0.0401 0.0415 0.0428 0.0439 0.0458 0.047 0.0477 0.0481 0.0482
5 7 0.000922 0.00108 0.00108 0.0011 0.00122 0.00131 0.00144 0.00152 0.00162 0.00175 0.00185 0.00194 0.002 0.00206 0.00209 0.00214 0.00215 0.00213 0.0021 0.00206
6 7 0.598 0.51 0.454 0.424 0.403 0.396 0.392 0.391 0.392 0.398 0.409 0.423 0.438 0.451 0.464 0.483 0.496 0.504 0.506 0.506
7 10 0.138 0.115 0.101 0.0933 0.0876 0.0855 0.0836 0.0827 0.0818 0.0811 0.081 0.0814 0.0819 0.0824 0.0828 0.0834 0.0834 0.0831 0.0825 0.0817
7 11 0.00462 0.00653 0.0073 0.00769 0.00807 0.00824 0.00838 0.00842 0.00843 0.00837 0.00826 0.00815 0.00802 0.00789 0.00776 0.00748 0.0072 0.00692 0.00665 0.00638
1 8 0.521 0.529 0.51 0.497 0.489 0.487 0.486 0.487 0.49 0.499 0.514 0.531 0.549 0.566 0.581 0.607 0.625 0.636 0.643 0.646
2 8 0.683 0.667 0.636 0.62 0.609 0.605 0.602 0.601 0.602 0.609 0.623 0.64 0.658 0.675 0.691 0.717 0.734 0.745 0.75 0.752
3 8 0.481 0.472 0.451 0.438 0.43 0.427 0.425 0.425 0.425 0.431 0.441 0.453 0.466 0.479 0.49 0.509 0.522 0.53 0.534 0.535
4 8 0.243 0.241 0.231 0.226 0.223 0.222 0.223 0.223 0.225 0.23 0.236 0.244 0.252 0.259 0.266 0.277 0.285 0.29 0.293 0.294
5 8 0.069 0.0693 0.067 0.0657 0.0653 0.0656 0.0662 0.0667 0.0677 0.0697 0.0722 0.0748 0.0775 0.08 0.0822 0.0858 0.0883 0.09 0.0909 0.0914
6 8 0.32 0.271 0.24 0.224 0.213 0.209 0.207 0.206 0.205 0.205 0.206 0.208 0.211 0.213 0.215 0.217 0.218 0.218 0.217 0.215
8 10 0.222 0.196 0.179 0.171 0.167 0.167 0.168 0.168 0.168 0.169 0.171 0.172 0.174 0.175 0.177 0.178 0.178 0.177 0.176 0.174
8 11 0.0878 0.07 0.06 0.0554 0.0526 0.0519 0.0515 0.0513 0.0511 0.0509 0.0508 0.0508 0.0508 0.0509 0.0509 0.0508 0.0505 0.0501 0.0496 0.049
7 8 3.01 3.0 2.97 2.92 2.84 2.79 2.71 2.66 2.59 2.48 2.39 2.31 2.24 2.18 2.13 2.04 1.96 1.89 1.83 1.78
1 9 0.0969 0.0981 0.0948 0.093 0.0926 0.093 0.0941 0.0949 0.0963 0.0991 0.103 0.106 0.11 0.113 0.116 0.121 0.124 0.126 0.127 0.127
2 9 0.397 0.394 0.379 0.37 0.367 0.367 0.368 0.37 0.373 0.38 0.389 0.399 0.41 0.42 0.429 0.443 0.453 0.459 0.462 0.463
3 9 0.537 0.528 0.505 0.493 0.486 0.485 0.484 0.484 0.485 0.488 0.492 0.498 0.504 0.51 0.516 0.524 0.529 0.532 0.532 0.532
4 9 0.447 0.437 0.417 0.407 0.401 0.4 0.399 0.398 0.398 0.4 0.403 0.407 0.412 0.417 0.421 0.427 0.431 0.433 0.433 0.432
5 9 0.172 0.168 0.16 0.156 0.154 0.153 0.153 0.153 0.153 0.153 0.155 0.157 0.159 0.161 0.162 0.165 0.167 0.168 0.168 0.168
6 9 0.128 0.111 0.101 0.0959 0.0939 0.0938 0.0941 0.0942 0.0944 0.0948 0.0952 0.0958 0.0963 0.0967 0.0971 0.0972 0.0969 0.096 0.0949 0.0935
9 10 0.272 0.226 0.2 0.188 0.181 0.18 0.18 0.18 0.18 0.182 0.184 0.186 0.189 0.191 0.193 0.196 0.198 0.198 0.197 0.195
9 11 0.119 0.103 0.093 0.088 0.0854 0.085 0.085 0.0851 0.0855 0.0866 0.0882 0.09 0.0918 0.0935 0.0949 0.0971 0.0983 0.0988 0.0986 0.0979
7 9 0.355 0.374 0.377 0.378 0.379 0.379 0.377 0.375 0.37 0.359 0.348 0.338 0.328 0.319 0.311 0.296 0.283 0.271 0.261 0.251
8 9 2.95 3.07 3.1 3.1 3.07 3.04 2.97 2.93 2.86 2.74 2.64 2.55 2.47 2.39 2.33 2.21 2.11 2.02 1.95 1.88
1 12 1.67 1.27 1.15 1.1 1.07 1.05 1.02 1.01 0.987 0.953 0.924 0.898 0.877 0.858 0.841 0.813 0.791 0.772 0.757 0.744
2 12 0.761 0.61 0.565 0.548 0.538 0.534 0.529 0.524 0.518 0.507 0.496 0.486 0.477 0.468 0.461 0.448 0.437 0.428 0.42 0.413
3 12 0.317 0.27 0.255 0.25 0.249 0.249 0.248 0.248 0.247 0.244 0.24 0.237 0.233 0.23 0.227 0.221 0.216 0.212 0.209 0.205
4 12 0.117 0.106 0.102 0.101 0.101 0.102 0.103 0.103 0.103 0.103 0.102 0.101 0.1 0.0989 0.0978 0.0958 0.094 0.0924 0.0909 0.0896
5 12 0.0286 0.0269 0.0263 0.0262 0.0265 0.0268 0.0272 0.0274 0.0275 0.0276 0.0275 0.0273 0.0271 0.0269 0.0267 0.0262 0.0258 0.0254 0.0251 0.0248
6 12 1.03 1.02 0.996 0.971 0.942 0.925 0.903 0.888 0.868 0.836 0.808 0.783 0.76 0.74 0.722 0.69 0.663 0.64 0.62 0.602
10 12 0.642 0.671 0.65 0.628 0.603 0.589 0.571 0.56 0.546 0.525 0.507 0.491 0.477 0.465 0.454 0.436 0.42 0.407 0.396 0.386
11 12 0.222 0.245 0.237 0.227 0.216 0.211 0.203 0.199 0.193 0.185 0.178 0.172 0.167 0.162 0.158 0.151 0.146 0.141 0.137 0.133
7 12 2.59 2.34 2.13 1.99 1.85 1.78 1.7 1.65 1.59 1.52 1.48 1.44 1.42 1.4 1.38 1.35 1.33 1.3 1.27 1.25
8 12 1.13 1.03 0.942 0.878 0.814 0.783 0.746 0.726 0.702 0.671 0.65 0.635 0.624 0.616 0.608 0.596 0.585 0.574 0.563 0.552
9 12 0.212 0.213 0.2 0.19 0.18 0.175 0.17 0.167 0.162 0.157 0.152 0.149 0.147 0.145 0.143 0.139 0.136 0.132 0.129 0.126
1 13 0.582 0.484 0.453 0.442 0.435 0.433 0.431 0.428 0.424 0.417 0.41 0.403 0.396 0.39 0.384 0.374 0.366 0.359 0.353 0.347
2 13 0.744 0.566 0.516 0.498 0.484 0.477 0.467 0.46 0.451 0.436 0.424 0.413 0.404 0.396 0.389 0.377 0.367 0.359 0.352 0.345
3 13 0.545 0.42 0.385 0.371 0.362 0.358 0.351 0.347 0.341 0.331 0.323 0.316 0.31 0.305 0.3 0.292 0.286 0.28 0.275 0.27
4 13 0.292 0.234 0.217 0.21 0.207 0.205 0.203 0.202 0.199 0.196 0.192 0.189 0.186 0.184 0.182 0.178 0.174 0.171 0.169 0.166
5 13 0.0873 0.0725 0.0678 0.0662 0.0654 0.0653 0.065 0.0648 0.0644 0.0636 0.0628 0.062 0.0613 0.0606 0.06 0.0589 0.0579 0.057 0.0562 0.0554
6 13 0.823 0.846 0.821 0.796 0.768 0.753 0.733 0.721 0.703 0.678 0.656 0.636 0.618 0.603 0.588 0.564 0.543 0.526 0.51 0.497
10 13 0.498 0.518 0.503 0.489 0.472 0.463 0.45 0.442 0.431 0.414 0.399 0.386 0.374 0.364 0.354 0.338 0.324 0.312 0.301 0.292
11 13 0.155 0.146 0.143 0.14 0.137 0.136 0.134 0.132 0.13 0.127 0.124 0.121 0.118 0.116 0.114 0.11 0.107 0.104 0.102 0.0993
7 13 0.935 0.854 0.777 0.722 0.667 0.64 0.608 0.591 0.57 0.545 0.527 0.515 0.506 0.499 0.493 0.483 0.474 0.466 0.457 0.449
8 13 1.09 0.999 0.925 0.88 0.837 0.816 0.788 0.772 0.751 0.721 0.699 0.682 0.669 0.658 0.648 0.63 0.614 0.599 0.584 0.569
9 13 1.06 0.956 0.876 0.825 0.778 0.755 0.728 0.713 0.693 0.666 0.644 0.627 0.613 0.601 0.59 0.571 0.555 0.54 0.527 0.514
12 13 1.22 1.23 1.23 1.24 1.25 1.25 1.24 1.23 1.21 1.18 1.14 1.1 1.07 1.04 1.01 0.966 0.924 0.888 0.857 0.829
1 14 0.179 0.163 0.158 0.156 0.157 0.158 0.16 0.16 0.161 0.16 0.159 0.158 0.156 0.154 0.153 0.15 0.147 0.144 0.142 0.14
2 14 0.385 0.316 0.295 0.288 0.285 0.284 0.283 0.281 0.279 0.275 0.271 0.267 0.263 0.259 0.256 0.25 0.245 0.241 0.237 0.233
3 14 0.488 0.376 0.344 0.332 0.324 0.32 0.315 0.312 0.307 0.299 0.293 0.288 0.284 0.281 0.278 0.272 0.268 0.263 0.26 0.256
4 14 0.402 0.3 0.271 0.261 0.253 0.249 0.243 0.239 0.234 0.227 0.221 0.217 0.214 0.211 0.208 0.204 0.201 0.197 0.194 0.192
5 14 0.154 0.114 0.103 0.0983 0.095 0.0933 0.0908 0.0893 0.0872 0.0842 0.0819 0.0802 0.0788 0.0776 0.0766 0.0749 0.0736 0.0724 0.0713 0.0702
6 14 0.603 0.645 0.625 0.603 0.579 0.566 0.549 0.539 0.525 0.505 0.488 0.473 0.459 0.447 0.437 0.418 0.403 0.39 0.378 0.368
10 14 0.336 0.321 0.313 0.308 0.302 0.299 0.294 0.291 0.286 0.278 0.27 0.263 0.257 0.251 0.245 0.236 0.228 0.221 0.214 0.209
11 14 0.115 0.112 0.11 0.108 0.106 0.105 0.103 0.101 0.0993 0.0959 0.0928 0.0899 0.0873 0.0849 0.0827 0.0788 0.0754 0.0724 0.0697 0.0673
7 14 0.094 0.104 0.0994 0.0949 0.0905 0.0884 0.0858 0.0843 0.0823 0.0796 0.0776 0.0761 0.0749 0.0739 0.073 0.0712 0.0694 0.0676 0.0658 0.064
8 14 0.856 0.774 0.708 0.666 0.626 0.607 0.584 0.572 0.556 0.535 0.52 0.508 0.499 0.491 0.484 0.472 0.461 0.451 0.441 0.432
9 14 1.25 1.13 1.04 0.988 0.941 0.918 0.889 0.872 0.848 0.814 0.785 0.76 0.739 0.72 0.703 0.673 0.648 0.626 0.606 0.588
12 14 0.273 0.283 0.283 0.286 0.292 0.295 0.295 0.294 0.291 0.283 0.275 0.266 0.258 0.25 0.242 0.229 0.217 0.207 0.198 0.191
13 14 1.04 1.04 1.05 1.07 1.1 1.1 1.11 1.11 1.1 1.07 1.04 1.01 0.987 0.96 0.936 0.891 0.852 0.819 0.789 0.764
1 15 0.839 1.03 1.07 1.08 1.1 1.1 1.09 1.09 1.08 1.06 1.04 1.03 1.02 1.0 0.994 0.977 0.963 0.951 0.94 0.93
2 15 0.382 0.474 0.489 0.495 0.498 0.499 0.497 0.496 0.492 0.486 0.481 0.476 0.472 0.468 0.465 0.459 0.453 0.448 0.444 0.439
3 15 0.148 0.181 0.185 0.187 0.187 0.187 0.187 0.186 0.186 0.184 0.183 0.182 0.181 0.18 0.179 0.177 0.175 0.174 0.172 0.17
4 15 0.0481 0.0551 0.0554 0.0552 0.0549 0.0549 0.0548 0.0547 0.0546 0.0544 0.0543 0.0541 0.054 0.0539 0.0538 0.0534 0.053 0.0525 0.052 0.0515
5 15 0.0101 0.0105 0.0102 0.0101 0.00994 0.00991 0.00991 0.00991 0.00992 0.00994 0.00997 0.01 0.01 0.01 0.01 0.01 0.00998 0.00991 0.00982 0.00973
6 15 0.6 0.695 0.665 0.637 0.607 0.592 0.572 0.561 0.547 0.529 0.517 0.508 0.501 0.496 0.491 0.482 0.473 0.464 0.455 0.446
10 15 0.247 0.28 0.266 0.254 0.242 0.235 0.226 0.221 0.214 0.204 0.196 0.189 0.184 0.178 0.174 0.166 0.159 0.153 0.148 0.143
11 15 0.0445 0.0428 0.0398 0.0386 0.0379 0.0376 0.0373 0.0369 0.0364 0.0353 0.0342 0.0331 0.032 0.031 0.03 0.0283 0.0268 0.0255 0.0244 0.0234
7 15 2.87 2.86 2.8 2.76 2.72 2.7 2.67 2.64 2.61 2.55 2.5 2.45 2.4 2.37 2.33 2.27 2.23 2.18 2.15 2.12
8 15 1.23 1.24 1.26 1.27 1.28 1.27 1.26 1.25 1.24 1.21 1.18 1.16 1.13 1.11 1.1 1.06 1.04 1.01 0.992 0.973
9 15 0.337 0.335 0.343 0.357 0.375 0.382 0.388 0.39 0.39 0.386 0.381 0.376 0.371 0.366 0.361 0.353 0.345 0.338 0.332 0.326
12 15 1.67 1.71 1.67 1.68 1.71 1.72 1.72 1.72 1.69 1.65 1.59 1.54 1.49 1.44 1.4 1.32 1.26 1.2 1.15 1.11
13 15 0.645 0.68 0.674 0.676 0.685 0.689 0.689 0.686 0.678 0.661 0.641 0.622 0.604 0.587 0.571 0.543 0.519 0.499 0.481 0.466
14 15 0.141 0.158 0.157 0.158 0.16 0.161 0.161 0.16 0.159 0.155 0.15 0.146 0.142 0.137 0.134 0.127 0.121 0.116 0.111 0.107
1 16 0.325 0.405 0.419 0.424 0.428 0.428 0.427 0.426 0.424 0.42 0.416 0.412 0.409 0.406 0.404 0.399 0.395 0.391 0.387 0.384
2 16 0.384 0.466 0.485 0.498 0.511 0.515 0.516 0.516 0.513 0.506 0.499 0.493 0.487 0.481 0.476 0.467 0.459 0.452 0.446 0.441
3 16 0.277 0.34 0.354 0.363 0.37 0.373 0.374 0.373 0.371 0.367 0.363 0.359 0.356 0.353 0.35 0.345 0.341 0.336 0.332 0.329
4 16 0.148 0.187 0.195 0.198 0.201 0.202 0.202 0.202 0.201 0.2 0.199 0.198 0.197 0.196 0.196 0.194 0.193 0.191 0.189 0.188
5 16 0.0444 0.057 0.0596 0.0605 0.0612 0.0614 0.0615 0.0615 0.0614 0.0613 0.0612 0.0611 0.0611 0.0611 0.0611 0.0609 0.0607 0.0604 0.0601 0.0597
6 16 0.395 0.452 0.433 0.417 0.399 0.39 0.378 0.37 0.36 0.346 0.335 0.326 0.319 0.313 0.307 0.297 0.288 0.279 0.272 0.264
10 16 0.221 0.244 0.235 0.231 0.228 0.225 0.222 0.219 0.216 0.21 0.206 0.203 0.2 0.198 0.196 0.192 0.188 0.184 0.18 0.176
11 16 0.114 0.138 0.135 0.132 0.127 0.124 0.12 0.117 0.113 0.107 0.103 0.0986 0.0952 0.0922 0.0895 0.085 0.0813 0.078 0.0752 0.0727
7 16 1.15 1.16 1.18 1.2 1.2 1.2 1.19 1.18 1.16 1.14 1.11 1.09 1.07 1.05 1.03 0.998 0.972 0.948 0.927 0.908
8 16 1.43 1.52 1.6 1.65 1.69 1.7 1.7 1.69 1.67 1.62 1.58 1.54 1.51 1.48 1.45 1.4 1.35 1.32 1.29 1.26
9 16 1.11 1.13 1.17 1.21 1.23 1.24 1.23 1.23 1.21 1.19 1.16 1.13 1.11 1.09 1.07 1.03 1.0 0.977 0.954 0.934
12 16 0.721 0.761 0.756 0.761 0.774 0.779 0.78 0.777 0.769 0.75 0.728 0.707 0.686 0.666 0.648 0.616 0.588 0.565 0.544 0.526
13 16 0.739 0.764 0.762 0.782 0.813 0.826 0.832 0.831 0.822 0.799 0.772 0.745 0.719 0.695 0.673 0.633 0.599 0.57 0.544 0.522
14 16 0.552 0.583 0.586 0.596 0.614 0.621 0.626 0.626 0.622 0.61 0.595 0.579 0.564 0.55 0.537 0.512 0.491 0.473 0.457 0.443
15 16 1.6 1.75 1.76 1.76 1.75 1.73 1.7 1.68 1.64 1.58 1.52 1.47 1.42 1.37 1.33 1.25 1.19 1.14 1.09 1.05
1 17 0.094 0.108 0.109 0.109 0.109 0.109 0.109 0.109 0.109 0.109 0.108 0.108 0.108 0.108 0.108 0.107 0.106 0.105 0.104 0.103
2 17 0.228 0.286 0.298 0.303 0.308 0.309 0.31 0.31 0.309 0.308 0.307 0.305 0.304 0.304 0.303 0.301 0.299 0.297 0.294 0.292
3 17 0.277 0.345 0.363 0.374 0.383 0.386 0.388 0.389 0.388 0.387 0.387 0.386 0.387 0.387 0.387 0.387 0.386 0.384 0.382 0.379
4 17 0.222 0.274 0.29 0.3 0.31 0.313 0.315 0.315 0.315 0.314 0.313 0.312 0.312 0.312 0.311 0.311 0.309 0.308 0.306 0.303
5 17 0.0843 0.104 0.11 0.114 0.118 0.119 0.12 0.12 0.12 0.119 0.119 0.118 0.118 0.118 0.117 0.117 0.116 0.116 0.115 0.114
6 17 0.221 0.241 0.231 0.224 0.218 0.214 0.209 0.206 0.2 0.192 0.185 0.179 0.174 0.169 0.164 0.157 0.15 0.144 0.139 0.134
10 17 0.261 0.311 0.304 0.298 0.29 0.284 0.277 0.272 0.264 0.254 0.245 0.237 0.231 0.225 0.221 0.212 0.205 0.198 0.193 0.187
11 17 0.085 0.0971 0.0946 0.0938 0.0931 0.0924 0.091 0.09 0.0884 0.0858 0.0835 0.0816 0.0799 0.0785 0.0771 0.0748 0.0728 0.0709 0.0692 0.0676
7 17 0.279 0.275 0.277 0.282 0.29 0.294 0.297 0.298 0.297 0.295 0.292 0.289 0.287 0.284 0.281 0.276 0.272 0.267 0.263 0.259
8 17 1.02 1.04 1.07 1.1 1.12 1.13 1.12 1.12 1.1 1.08 1.05 1.03 1.01 0.987 0.969 0.937 0.909 0.886 0.865 0.846
9 17 1.59 1.7 1.8 1.88 1.94 1.96 1.96 1.95 1.92 1.88 1.83 1.78 1.74 1.7 1.67 1.61 1.56 1.51 1.47 1.44
12 17 0.192 0.212 0.212 0.213 0.216 0.217 0.217 0.216 0.214 0.208 0.202 0.196 0.19 0.185 0.18 0.171 0.163 0.157 0.151 0.146
13 17 0.629 0.663 0.666 0.678 0.699 0.708 0.713 0.713 0.708 0.694 0.678 0.661 0.645 0.63 0.615 0.589 0.566 0.546 0.528 0.512
14 17 0.747 0.77 0.775 0.799 0.837 0.853 0.865 0.866 0.862 0.847 0.828 0.808 0.789 0.771 0.754 0.722 0.694 0.668 0.645 0.623
15 17 0.272 0.288 0.282 0.287 0.295 0.297 0.296 0.294 0.288 0.276 0.264 0.252 0.241 0.231 0.222 0.206 0.192 0.18 0.17 0.161
16 17 1.46 1.61 1.65 1.67 1.67 1.67 1.64 1.62 1.59 1.53 1.47 1.42 1.37 1.33 1.29 1.22 1.16 1.11 1.07 1.03
1 18 0.898 1.2 1.35 1.39 1.36 1.33 1.28 1.25 1.2 1.13 1.07 1.02 0.97 0.927 0.889 0.822 0.766 0.719 0.678 0.643
2 18 0.519 0.8 0.943 0.989 0.986 0.967 0.934 0.912 0.879 0.83 0.786 0.747 0.711 0.68 0.651 0.601 0.559 0.524 0.494 0.468
3 18 0.566 0.731 0.803 0.816 0.796 0.775 0.743 0.723 0.695 0.654 0.619 0.588 0.56 0.536 0.513 0.475 0.443 0.415 0.392 0.372
4 18 0.335 0.432 0.476 0.485 0.473 0.461 0.442 0.43 0.414 0.39 0.369 0.35 0.334 0.319 0.306 0.283 0.264 0.248 0.234 0.222
5 18 0.12 0.156 0.171 0.173 0.167 0.163 0.156 0.151 0.145 0.137 0.129 0.123 0.117 0.112 0.107 0.099 0.0923 0.0866 0.0817 0.0775
6 18 1.86e-29 6.69e-15 4.92e-12 7.5e-11 5.24e-10 1.07e-09 2.09e-09 2.81e-09 3.85e-09 5.27e-09 6.28e-09 6.96e-09 7.38e-09 7.62e-09 7.73e-09 7.71e-09 7.51e-09 7.23e-09 6.93e-09 6.62e-09
10 18 5.57e-29 2.01e-14 1.48e-11 2.25e-10 1.57e-09 3.2e-09 6.28e-09 8.44e-09 1.15e-08 1.58e-08 1.89e-08 2.09e-08 2.21e-08 2.29e-08 2.32e-08 2.31e-08 2.25e-08 2.17e-08 2.08e-08 1.99e-08
11 18 3.44e-34 2.91e-22 8.88e-20 1.06e-18 6.51e-18 1.28e-17 2.41e-17 3.2e-17 4.3e-17 5.79e-17 6.84e-17 7.52e-17 7.93e-17 8.16e-17 8.26e-17 8.2e-17 7.97e-17 7.66e-17 7.33e-17 7e-17
7 18 1.17e-32 1.8e-18 1.31e-15 1.98e-14 1.37e-13 2.78e-13 5.43e-13 7.29e-13 9.93e-13 1.36e-12 1.62e-12 1.79e-12 1.89e-12 1.95e-12 1.98e-12 1.97e-12 1.92e-12 1.85e-12 1.77e-12 1.69e-12
8 18 7.14e-30 9.85e-16 5.32e-13 7.09e-12 4.49e-11 8.82e-11 1.67e-10 2.2e-10 2.95e-10 3.95e-10 4.65e-10 5.1e-10 5.36e-10 5.5e-10 5.56e-10 5.5e-10 5.33e-10 5.12e-10 4.89e-10 4.66e-10
9 18 1.07e-29 1.47e-15 7.95e-13 1.06e-11 6.71e-11 1.32e-10 2.49e-10 3.29e-10 4.4e-10 5.9e-10 6.94e-10 7.61e-10 8e-10 8.21e-10 8.29e-10 8.21e-10 7.96e-10 7.64e-10 7.29e-10 6.95e-10
12 18 6.7e-30 6.64e-16 3.59e-13 4.84e-12 3.09e-11 6.09e-11 1.15e-10 1.53e-10 2.05e-10 2.76e-10 3.25e-10 3.57e-10 3.76e-10 3.86e-10 3.9e-10 3.86e-10 3.75e-10 3.6e-10 3.44e-10 3.28e-10
13 18 4.29e-29 4.65e-15 2.53e-12 3.42e-11 2.2e-10 4.34e-10 8.24e-10 1.09e-09 1.47e-09 1.98e-09 2.33e-09 2.56e-09 2.7e-09 2.77e-09 2.8e-09 2.78e-09 2.7e-09 2.59e-09 2.47e-09 2.36e-09
14 18 4.81e-29 5.77e-15 3.26e-12 4.48e-11 2.91e-10 5.78e-10 1.1e-09 1.47e-09 1.98e-09 2.67e-09 3.15e-09 3.47e-09 3.66e-09 3.76e-09 3.81e-09 3.78e-09 3.67e-09 3.52e-09 3.37e-09 3.22e-09
15 18 1.16e-30 1.47e-16 8.82e-14 1.24e-12 8.12e-12 1.62e-11 3.1e-11 4.12e-11 5.57e-11 7.53e-11 8.9e-11 9.8e-11 1.03e-10 1.06e-10 1.08e-10 1.07e-10 1.04e-10 9.97e-11 9.53e-11 9.1e-11
16 18 6.76e-30 7.97e-16 4.68e-13 6.53e-12 4.27e-11 8.5e-11 1.63e-10 2.16e-10 2.92e-10 3.95e-10 4.66e-10 5.13e-10 5.42e-10 5.57e-10 5.63e-10 5.59e-10 5.43e-10 5.22e-10 4.99e-10 4.76e-10
17 18 5.83e-28 4.82e-14 2.23e-11 2.75e-10 1.64e-09 3.14e-09 5.78e-09 7.55e-09 9.98e-09 1.32e-08 1.53e-08 1.67e-08 1.74e-08 1.78e-08 1.79e-08 1.76e-08 1.7e-08 1.63e-08 1.55e-08 1.48e-08
1 19 4.51e-18 6e-12 8.02e-11 2.19e-10 4.21e-10 5.21e-10 6.2e-10 6.6e-10 6.92e-10 7.04e-10 6.89e-10 6.63e-10 6.33e-10 6.02e-10 5.72e-10 5.17e-10 4.7e-10 4.3e-10 3.95e-10 3.65e-10
2 19 1.5e-17 1.99e-11 2.68e-10 7.33e-10 1.42e-09 1.76e-09 2.09e-09 2.23e-09 2.34e-09 2.39e-09 2.35e-09 2.26e-09 2.16e-09 2.06e-09 1.96e-09 1.77e-09 1.61e-09 1.48e-09 1.36e-09 1.26e-09
3 19 1.59e-17 2.13e-11 2.84e-10 7.72e-10 1.48e-09 1.83e-09 2.18e-09 2.32e-09 2.43e-09 2.48e-09 2.43e-09 2.34e-09 2.23e-09 2.13e-09 2.02e-09 1.83e-09 1.66e-09 1.52e-09 1.4e-09 1.3e-09
4 19 2.02e-17 2.69e-11 3.51e-10 9.48e-10 1.82e-09 2.27e-09 2.73e-09 2.94e-09 3.14e-09 3.29e-09 3.31e-09 3.25e-09 3.17e-09 3.06e-09 2.95e-09 2.73e-09 2.53e-09 2.35e-09 2.18e-09 2.04e-09
5 19 9.98e-18 1.33e-11 1.73e-10 4.66e-10 8.96e-10 1.12e-09 1.35e-09 1.46e-09 1.57e-09 1.66e-09 1.68e-09 1.67e-09 1.63e-09 1.58e-09 1.53e-09 1.43e-09 1.33e-09 1.24e-09 1.15e-09 1.08e-09
6 19 0.00484 0.011 0.0121 0.0128 0.0134 0.0137 0.0138 0.0138 0.0137 0.0134 0.013 0.0126 0.0122 0.0118 0.0114 0.0107 0.0101 0.00955 0.00904 0.00859
10 19 0.00295 0.00676 0.00798 0.00902 0.0101 0.0104 0.0107 0.0108 0.0107 0.0105 0.0101 0.0098 0.00946 0.00912 0.00881 0.00823 0.00772 0.00727 0.00686 0.0065
11 19 0.000988 0.00233 0.00311 0.0039 0.0047 0.005 0.00521 0.00526 0.00524 0.00509 0.0049 0.00469 0.00449 0.00429 0.00412 0.0038 0.00353 0.00329 0.00309 0.00291
7 19 1.38 1.62 1.79 1.88 1.96 1.99 2.02 2.03 2.04 2.04 2.03 2.02 2.01 2.0 1.98 1.96 1.94 1.93 1.91 1.9
8 19 1.21 1.46 1.62 1.71 1.78 1.8 1.82 1.82 1.82 1.81 1.8 1.78 1.76 1.75 1.73 1.71 1.68 1.66 1.64 1.63
9 19 1.01 1.25 1.39 1.46 1.51 1.53 1.54 1.54 1.54 1.52 1.51 1.49 1.47 1.46 1.44 1.42 1.39 1.37 1.36 1.34
12 19 0.478 0.544 0.548 0.543 0.538 0.538 0.54 0.543 0.547 0.553 0.558 0.562 0.565 0.566 0.567 0.566 0.565 0.562 0.559 0.556
13 19 0.372 0.427 0.436 0.437 0.44 0.442 0.445 0.447 0.451 0.455 0.458 0.46 0.461 0.461 0.46 0.458 0.456 0.453 0.45 0.447
14 19 0.266 0.306 0.312 0.313 0.314 0.316 0.318 0.32 0.322 0.326 0.328 0.33 0.33 0.33 0.33 0.329 0.327 0.325 0.323 0.321
15 19 0.866 0.989 1.02 1.04 1.05 1.06 1.07 1.07 1.06 1.05 1.04 1.02 1.0 0.984 0.969 0.94 0.916 0.895 0.877 0.861
16 19 0.697 0.798 0.82 0.832 0.846 0.852 0.857 0.858 0.856 0.847 0.835 0.821 0.808 0.794 0.782 0.759 0.74 0.724 0.709 0.697
17 19 0.534 0.613 0.626 0.631 0.639 0.644 0.647 0.648 0.647 0.64 0.632 0.622 0.612 0.603 0.594 0.578 0.564 0.552 0.541 0.532
18 19 0.0 0.0 0.0 0.0 0.0 0.0 0.0 0.0 0.0 0.0 0.0 0.0 0.0 0.0 0.0 0.0 0.0 0.0 0.0 0.0
1 22 0.626 0.607 0.658 0.699 0.727 0.732 0.727 0.721 0.708 0.685 0.665 0.647 0.631 0.617 0.605 0.585 0.569 0.555 0.543 0.533
2 22 0.441 0.383 0.4 0.42 0.436 0.439 0.438 0.435 0.429 0.418 0.408 0.398 0.39 0.383 0.377 0.366 0.357 0.35 0.343 0.338
3 22 0.236 0.213 0.225 0.236 0.247 0.25 0.251 0.25 0.248 0.243 0.238 0.233 0.229 0.226 0.223 0.217 0.212 0.209 0.205 0.202
4 22 0.113 0.107 0.114 0.121 0.126 0.128 0.129 0.129 0.129 0.127 0.125 0.123 0.121 0.119 0.118 0.115 0.113 0.111 0.109 0.108
5 22 0.0345 0.0332 0.0354 0.0373 0.0391 0.0398 0.0402 0.0402 0.0401 0.0396 0.039 0.0385 0.0379 0.0375 0.037 0.0363 0.0356 0.0351 0.0346 0.0342
6 22 0.654 0.607 0.633 0.642 0.637 0.628 0.61 0.597 0.578 0.549 0.524 0.502 0.483 0.467 0.452 0.427 0.405 0.387 0.372 0.358
10 22 0.363 0.348 0.35 0.349 0.342 0.337 0.327 0.321 0.312 0.297 0.285 0.274 0.265 0.257 0.25 0.237 0.227 0.219 0.212 0.206
11 22 0.108 0.11 0.109 0.108 0.105 0.104 0.101 0.0988 0.096 0.0919 0.0883 0.0852 0.0825 0.0801 0.078 0.0745 0.0717 0.0693 0.0673 0.0655
7 22 0.272 0.369 0.481 0.575 0.662 0.692 0.713 0.717 0.714 0.7 0.683 0.665 0.648 0.633 0.618 0.593 0.57 0.551 0.534 0.518
8 22 0.132 0.171 0.21 0.241 0.267 0.276 0.282 0.282 0.281 0.275 0.269 0.262 0.256 0.25 0.245 0.235 0.227 0.219 0.212 0.205
9 22 0.0445 0.0611 0.0744 0.0839 0.0916 0.0939 0.095 0.0948 0.0939 0.0916 0.0891 0.0868 0.0846 0.0825 0.0806 0.0771 0.0739 0.0711 0.0685 0.0661
12 22 1.06 1.17 1.23 1.25 1.25 1.25 1.23 1.21 1.19 1.16 1.12 1.1 1.07 1.05 1.03 0.99 0.961 0.937 0.916 0.898
13 22 0.576 0.603 0.624 0.631 0.632 0.628 0.619 0.612 0.601 0.583 0.566 0.551 0.537 0.525 0.514 0.495 0.479 0.466 0.455 0.446
14 22 0.232 0.244 0.251 0.254 0.253 0.251 0.247 0.244 0.239 0.231 0.223 0.216 0.21 0.204 0.199 0.19 0.183 0.177 0.171 0.167
15 22 1.2 1.17 1.22 1.26 1.3 1.3 1.29 1.29 1.27 1.24 1.21 1.18 1.15 1.13 1.11 1.08 1.05 1.02 1.0 0.982
16 22 0.582 0.602 0.638 0.66 0.672 0.672 0.666 0.659 0.648 0.628 0.61 0.592 0.577 0.563 0.551 0.529 0.511 0.496 0.483 0.471
17 22 0.278 0.312 0.331 0.341 0.346 0.345 0.342 0.339 0.334 0.325 0.317 0.31 0.304 0.298 0.293 0.284 0.276 0.27 0.264 0.259
18 22 2.85e-29 2.84e-15 1.58e-12 2.17e-11 1.41e-10 2.79e-10 5.33e-10 7.08e-10 9.54e-10 1.29e-09 1.52e-09 1.67e-09 1.77e-09 1.81e-09 1.84e-09 1.82e-09 1.77e-09 1.7e-09 1.62e-09 1.55e-09
19 22 0.245 0.232 0.238 0.247 0.257 0.261 0.264 0.266 0.267 0.269 0.269 0.27 0.27 0.269 0.269 0.268 0.267 0.266 0.264 0.263
1 20 0.305 0.283 0.299 0.315 0.329 0.333 0.334 0.333 0.33 0.323 0.316 0.31 0.305 0.3 0.296 0.289 0.283 0.277 0.273 0.269
2 20 0.483 0.354 0.354 0.364 0.37 0.37 0.366 0.362 0.356 0.345 0.335 0.326 0.318 0.312 0.306 0.296 0.288 0.281 0.274 0.269
3 20 0.343 0.258 0.26 0.268 0.274 0.274 0.271 0.268 0.263 0.255 0.247 0.24 0.234 0.229 0.225 0.217 0.211 0.206 0.201 0.197
4 20 0.168 0.138 0.143 0.149 0.154 0.155 0.154 0.153 0.15 0.146 0.142 0.138 0.135 0.132 0.13 0.126 0.122 0.119 0.117 0.115
5 20 0.0457 0.0413 0.0435 0.0458 0.0478 0.0483 0.0482 0.048 0.0473 0.0462 0.045 0.044 0.0431 0.0423 0.0415 0.0403 0.0394 0.0385 0.0379 0.0373
6 20 0.438 0.42 0.428 0.429 0.423 0.417 0.405 0.398 0.386 0.368 0.353 0.339 0.328 0.317 0.308 0.292 0.28 0.269 0.259 0.251
10 20 0.259 0.252 0.262 0.265 0.262 0.258 0.25 0.244 0.236 0.224 0.214 0.205 0.197 0.19 0.184 0.174 0.165 0.158 0.151 0.146
11 20 0.107 0.0941 0.0968 0.098 0.0974 0.0962 0.0938 0.0921 0.0896 0.0855 0.0818 0.0785 0.0757 0.0731 0.0708 0.0669 0.0636 0.0608 0.0585 0.0564
7 20 0.0783 0.106 0.129 0.144 0.156 0.16 0.162 0.162 0.161 0.158 0.155 0.151 0.148 0.145 0.143 0.137 0.133 0.128 0.124 0.12
8 20 0.164 0.195 0.252 0.305 0.356 0.373 0.386 0.388 0.387 0.379 0.368 0.358 0.348 0.339 0.33 0.315 0.302 0.291 0.281 0.272
9 20 0.13 0.157 0.19 0.217 0.241 0.249 0.254 0.255 0.253 0.248 0.241 0.234 0.228 0.222 0.217 0.207 0.198 0.191 0.184 0.178
12 20 0.496 0.516 0.533 0.539 0.539 0.536 0.529 0.524 0.514 0.499 0.485 0.472 0.46 0.45 0.44 0.424 0.411 0.399 0.39 0.382
13 20 0.54 0.564 0.584 0.591 0.591 0.586 0.576 0.569 0.558 0.541 0.525 0.51 0.497 0.486 0.476 0.458 0.444 0.432 0.422 0.413
14 20 0.445 0.46 0.476 0.482 0.483 0.481 0.475 0.471 0.463 0.45 0.438 0.427 0.417 0.408 0.4 0.386 0.374 0.364 0.356 0.349
15 20 0.423 0.441 0.462 0.475 0.482 0.481 0.477 0.472 0.464 0.45 0.437 0.425 0.413 0.404 0.395 0.379 0.366 0.354 0.344 0.335
16 20 0.743 0.725 0.765 0.792 0.81 0.812 0.809 0.804 0.794 0.777 0.76 0.745 0.731 0.719 0.708 0.69 0.676 0.664 0.653 0.644
17 20 0.453 0.448 0.472 0.489 0.498 0.498 0.492 0.487 0.478 0.462 0.446 0.432 0.42 0.408 0.398 0.381 0.366 0.354 0.343 0.334
18 20 1.87e-28 2.02e-14 1.1e-11 1.48e-10 9.5e-10 1.88e-09 3.57e-09 4.74e-09 6.37e-09 8.58e-09 1.01e-08 1.11e-08 1.17e-08 1.2e-08 1.22e-08 1.21e-08 1.17e-08 1.12e-08 1.07e-08 1.03e-08
19 20 0.174 0.164 0.165 0.17 0.175 0.178 0.18 0.181 0.182 0.183 0.184 0.184 0.184 0.184 0.184 0.184 0.183 0.182 0.181 0.18
20 22 1.03 1.02 1.04 1.05 1.05 1.04 1.02 1.01 0.985 0.95 0.917 0.887 0.859 0.833 0.81 0.77 0.736 0.708 0.683 0.662
1 21 0.133 0.128 0.136 0.143 0.15 0.152 0.153 0.154 0.153 0.151 0.149 0.147 0.145 0.143 0.141 0.138 0.136 0.134 0.132 0.131
2 21 0.162 0.149 0.157 0.165 0.173 0.175 0.175 0.174 0.172 0.168 0.164 0.161 0.158 0.155 0.153 0.149 0.145 0.142 0.14 0.138
3 21 0.227 0.172 0.174 0.18 0.184 0.184 0.182 0.18 0.177 0.171 0.165 0.161 0.157 0.153 0.15 0.144 0.14 0.136 0.133 0.131
4 21 0.204 0.141 0.139 0.142 0.144 0.143 0.14 0.138 0.135 0.13 0.125 0.121 0.118 0.115 0.112 0.108 0.104 0.101 0.0988 0.0966
5 21 0.0814 0.0546 0.0533 0.054 0.0542 0.0538 0.0527 0.0519 0.0505 0.0485 0.0467 0.0452 0.0439 0.0428 0.0418 0.0402 0.0388 0.0377 0.0367 0.0358
6 21 0.245 0.243 0.243 0.242 0.236 0.232 0.226 0.221 0.215 0.205 0.197 0.19 0.184 0.178 0.173 0.165 0.158 0.153 0.148 0.144
10 21 0.182 0.165 0.173 0.175 0.174 0.172 0.167 0.164 0.159 0.151 0.145 0.139 0.133 0.129 0.125 0.117 0.111 0.106 0.102 0.0982
11 21 0.0554 0.053 0.0578 0.0595 0.0593 0.0582 0.0562 0.0548 0.0527 0.0496 0.0468 0.0445 0.0424 0.0406 0.039 0.0363 0.0341 0.0322 0.0305 0.0291
7 21 0.012 0.0198 0.0247 0.0279 0.0303 0.031 0.0313 0.0312 0.0309 0.0302 0.0294 0.0287 0.028 0.0274 0.0268 0.0257 0.0247 0.0237 0.0228 0.022
8 21 0.0732 0.0899 0.106 0.117 0.127 0.13 0.132 0.132 0.131 0.128 0.125 0.122 0.119 0.116 0.113 0.108 0.104 0.1 0.0967 0.0935
9 21 0.145 0.17 0.216 0.259 0.299 0.313 0.323 0.325 0.323 0.316 0.307 0.298 0.289 0.281 0.274 0.261 0.25 0.24 0.232 0.224
12 21 0.152 0.161 0.166 0.167 0.166 0.164 0.161 0.158 0.155 0.149 0.143 0.138 0.134 0.13 0.127 0.121 0.116 0.111 0.108 0.104
13 21 0.352 0.364 0.376 0.381 0.382 0.38 0.376 0.372 0.366 0.356 0.346 0.337 0.329 0.322 0.316 0.304 0.295 0.288 0.281 0.275
14 21 0.391 0.406 0.421 0.427 0.428 0.426 0.42 0.416 0.409 0.397 0.386 0.376 0.368 0.36 0.353 0.341 0.331 0.323 0.316 0.31
15 21 0.159 0.182 0.19 0.194 0.196 0.196 0.195 0.194 0.192 0.188 0.185 0.181 0.179 0.176 0.174 0.169 0.166 0.163 0.16 0.158
16 21 0.28 0.281 0.295 0.304 0.309 0.309 0.305 0.301 0.294 0.284 0.273 0.264 0.255 0.248 0.241 0.229 0.218 0.21 0.202 0.195
17 21 0.54 0.512 0.539 0.56 0.573 0.575 0.572 0.568 0.561 0.547 0.533 0.521 0.509 0.5 0.491 0.476 0.465 0.455 0.447 0.44
18 21 2.15e-28 2.21e-14 1.2e-11 1.62e-10 1.03e-09 2.04e-09 3.87e-09 5.13e-09 6.89e-09 9.26e-09 1.09e-08 1.2e-08 1.26e-08 1.3e-08 1.31e-08 1.3e-08 1.26e-08 1.21e-08 1.16e-08 1.1e-08
19 21 0.104 0.0973 0.0975 0.0995 0.102 0.103 0.105 0.105 0.106 0.106 0.107 0.107 0.107 0.107 0.107 0.107 0.107 0.106 0.106 0.105
21 22 0.356 0.35 0.354 0.353 0.349 0.347 0.342 0.339 0.333 0.322 0.311 0.3 0.29 0.281 0.272 0.257 0.244 0.233 0.223 0.214
20 21 0.684 0.674 0.697 0.705 0.702 0.695 0.681 0.671 0.655 0.63 0.608 0.587 0.569 0.553 0.538 0.513 0.492 0.475 0.459 0.446
1 23 5.28e-18 1.97e-11 3.67e-10 1.27e-09 3.67e-09 5.97e-09 1.01e-08 1.3e-08 1.72e-08 2.33e-08 2.79e-08 3.11e-08 3.32e-08 3.45e-08 3.52e-08 3.55e-08 3.49e-08 3.38e-08 3.25e-08 3.12e-08
2 23 4.44e-16 2.35e-09 4.49e-08 1.43e-07 3.11e-07 4.07e-07 5.16e-07 5.68e-07 6.24e-07 6.73e-07 6.9e-07 6.88e-07 6.76e-07 6.59e-07 6.39e-07 5.97e-07 5.56e-07 5.18e-07 4.84e-07 4.53e-07
3 23 3.84e-16 2.17e-09 4.18e-08 1.33e-07 2.91e-07 3.79e-07 4.8e-07 5.28e-07 5.78e-07 6.21e-07 6.33e-07 6.3e-07 6.17e-07 6e-07 5.81e-07 5.41e-07 5.02e-07 4.67e-07 4.36e-07 4.08e-07
4 23 1.73e-16 1.13e-09 2.24e-08 7.7e-08 2.1e-07 3.27e-07 5.27e-07 6.64e-07 8.6e-07 1.14e-06 1.34e-06 1.48e-06 1.57e-06 1.62e-06 1.65e-06 1.65e-06 1.62e-06 1.56e-06 1.5e-06 1.44e-06
5 23 3.48e-17 3.01e-10 6.19e-09 2.34e-08 7.91e-08 1.39e-07 2.51e-07 3.32e-07 4.53e-07 6.28e-07 7.61e-07 8.55e-07 9.18e-07 9.57e-07 9.79e-07 9.89e-07 9.74e-07 9.45e-07 9.11e-07 8.75e-07
6 23 0.253 0.287 0.314 0.333 0.353 0.363 0.375 0.381 0.388 0.396 0.4 0.402 0.403 0.403 0.403 0.4 0.397 0.394 0.391 0.387
10 23 0.153 0.174 0.19 0.202 0.214 0.22 0.227 0.231 0.235 0.24 0.243 0.244 0.245 0.245 0.244 0.243 0.241 0.239 0.237 0.235
11 23 0.0512 0.0581 0.0637 0.0676 0.0718 0.0739 0.0762 0.0775 0.0789 0.0805 0.0814 0.0818 0.082 0.082 0.0818 0.0813 0.0807 0.0801 0.0794 0.0787
7 23 0.458 0.659 0.718 0.734 0.737 0.734 0.728 0.722 0.713 0.696 0.68 0.665 0.651 0.638 0.626 0.605 0.588 0.573 0.56 0.55
8 23 0.454 0.602 0.642 0.652 0.652 0.65 0.644 0.639 0.631 0.616 0.602 0.589 0.576 0.565 0.554 0.535 0.52 0.507 0.495 0.485
9 23 0.391 0.509 0.54 0.547 0.548 0.546 0.542 0.538 0.532 0.521 0.509 0.498 0.487 0.478 0.469 0.453 0.44 0.428 0.419 0.41
12 23 0.927 0.855 0.875 0.892 0.908 0.915 0.922 0.926 0.929 0.931 0.929 0.926 0.922 0.917 0.912 0.902 0.893 0.885 0.878 0.871
13 23 0.735 0.676 0.691 0.705 0.719 0.726 0.733 0.736 0.739 0.74 0.738 0.735 0.731 0.727 0.722 0.714 0.705 0.698 0.691 0.684
14 23 0.532 0.489 0.499 0.51 0.521 0.526 0.531 0.534 0.536 0.537 0.536 0.533 0.53 0.527 0.523 0.516 0.509 0.503 0.498 0.492
15 23 0.919 0.841 0.847 0.858 0.869 0.873 0.873 0.872 0.867 0.855 0.841 0.826 0.812 0.798 0.785 0.762 0.742 0.725 0.71 0.696
16 23 0.768 0.704 0.709 0.719 0.73 0.734 0.735 0.734 0.731 0.721 0.709 0.697 0.685 0.673 0.663 0.643 0.626 0.611 0.598 0.587
17 23 0.607 0.558 0.561 0.57 0.58 0.583 0.585 0.584 0.582 0.574 0.565 0.555 0.546 0.536 0.528 0.512 0.498 0.486 0.476 0.467
18 23 0.0 0.0 0.0 0.0 0.0 0.0 0.0 0.0 0.0 0.0 0.0 0.0 0.0 0.0 0.0 0.0 0.0 0.0 0.0 0.0
19 23 0.849 1.19 1.32 1.4 1.48 1.51 1.53 1.52 1.51 1.47 1.42 1.37 1.33 1.29 1.25 1.18 1.13 1.08 1.04 1.0
22 23 0.798 0.712 0.68 0.663 0.646 0.637 0.624 0.616 0.606 0.59 0.576 0.564 0.554 0.544 0.536 0.521 0.509 0.499 0.491 0.483
20 23 0.571 0.511 0.489 0.476 0.463 0.456 0.447 0.441 0.433 0.421 0.411 0.402 0.394 0.387 0.381 0.37 0.361 0.353 0.347 0.341
21 23 0.343 0.308 0.294 0.287 0.279 0.274 0.269 0.265 0.26 0.253 0.247 0.241 0.236 0.232 0.228 0.221 0.215 0.211 0.207 0.203
1 24 4.66e-24 2.95e-20 1.53e-19 5.33e-19 2.39e-18 4.57e-18 8.66e-18 1.15e-17 1.57e-17 2.15e-17 2.56e-17 2.85e-17 3.02e-17 3.13e-17 3.18e-17 3.18e-17 3.1e-17 2.99e-17 2.87e-17 2.75e-17
2 24 3.36e-24 2.14e-20 1.05e-19 3.12e-19 1.36e-18 2.66e-18 5.26e-18 7.18e-18 1e-17 1.42e-17 1.73e-17 1.95e-17 2.1e-17 2.19e-17 2.24e-17 2.27e-17 2.23e-17 2.17e-17 2.09e-17 2e-17
3 24 1.9e-24 1.22e-20 5.89e-20 1.7e-19 7.51e-19 1.5e-18 3.04e-18 4.19e-18 5.92e-18 8.48e-18 1.04e-17 1.18e-17 1.28e-17 1.34e-17 1.37e-17 1.4e-17 1.38e-17 1.34e-17 1.29e-17 1.24e-17
4 24 8.38e-25 5.62e-21 2.8e-20 8.64e-20 4.02e-19 8.12e-19 1.65e-18 2.27e-18 3.22e-18 4.61e-18 5.68e-18 6.44e-18 6.96e-18 7.29e-18 7.48e-18 7.6e-18 7.5e-18 7.3e-18 7.05e-18 6.78e-18
5 24 2.18e-25 1.54e-21 7.96e-21 2.64e-20 1.31e-19 2.67e-19 5.47e-19 7.57e-19 1.07e-18 1.54e-18 1.91e-18 2.17e-18 2.34e-18 2.45e-18 2.52e-18 2.56e-18 2.53e-18 2.46e-18 2.38e-18 2.29e-18
6 24 0.0831 0.107 0.129 0.14 0.147 0.147 0.147 0.145 0.143 0.139 0.135 0.132 0.129 0.127 0.125 0.121 0.119 0.117 0.115 0.114
10 24 0.0499 0.0642 0.0772 0.0841 0.088 0.0885 0.0879 0.0871 0.0857 0.0833 0.0811 0.0792 0.0775 0.0761 0.0749 0.0729 0.0713 0.0701 0.069 0.0682
11 24 0.0166 0.0214 0.0257 0.028 0.0293 0.0295 0.0293 0.029 0.0286 0.0278 0.027 0.0264 0.0258 0.0254 0.025 0.0243 0.0238 0.0233 0.023 0.0227
7 24 0.000104 0.000991 0.00209 0.00287 0.00357 0.00386 0.00411 0.00421 0.00429 0.0043 0.00423 0.00413 0.00402 0.00391 0.0038 0.0036 0.00341 0.00325 0.0031 0.00296
8 24 8.78e-05 0.000838 0.00177 0.00242 0.00301 0.00324 0.00345 0.00353 0.00358 0.00358 0.00351 0.00342 0.00332 0.00323 0.00314 0.00296 0.00281 0.00267 0.00255 0.00244
9 24 7.18e-05 0.000685 0.00145 0.00198 0.00245 0.00263 0.00279 0.00284 0.00288 0.00286 0.0028 0.00272 0.00264 0.00256 0.00248 0.00235 0.00222 0.00211 0.00202 0.00193
12 24 0.0593 0.0617 0.0638 0.065 0.0659 0.066 0.0656 0.0652 0.0643 0.0628 0.0612 0.0598 0.0584 0.0572 0.0561 0.0542 0.0526 0.0511 0.0499 0.0488
13 24 0.0461 0.048 0.0496 0.0506 0.0512 0.0513 0.051 0.0507 0.05 0.0488 0.0476 0.0465 0.0454 0.0445 0.0436 0.0421 0.0408 0.0397 0.0387 0.0379
14 24 0.0329 0.0343 0.0354 0.0361 0.0366 0.0367 0.0365 0.0362 0.0357 0.0348 0.034 0.0332 0.0324 0.0317 0.0311 0.0301 0.0291 0.0284 0.0277 0.027
15 24 0.0688 0.0871 0.0948 0.097 0.0972 0.0969 0.0964 0.0961 0.0956 0.0947 0.0939 0.093 0.0921 0.0913 0.0905 0.0891 0.0878 0.0866 0.0856 0.0847
16 24 0.0563 0.0713 0.0776 0.0793 0.0795 0.0792 0.0787 0.0784 0.078 0.0773 0.0765 0.0758 0.0751 0.0744 0.0737 0.0726 0.0715 0.0706 0.0698 0.069
17 24 0.0438 0.0555 0.0603 0.0617 0.0618 0.0616 0.0612 0.0609 0.0605 0.0599 0.0593 0.0588 0.0582 0.0577 0.0572 0.0562 0.0554 0.0547 0.0541 0.0535
18 24 0.0 0.0 0.0 0.0 0.0 0.0 0.0 0.0 0.0 0.0 0.0 0.0 0.0 0.0 0.0 0.0 0.0 0.0 0.0 0.0
19 24 0.000647 0.00512 0.0103 0.0137 0.0164 0.0173 0.0179 0.018 0.0179 0.0175 0.0169 0.0162 0.0156 0.0149 0.0143 0.0132 0.0123 0.0114 0.0107 0.0101
22 24 0.148 0.173 0.185 0.189 0.19 0.189 0.187 0.186 0.183 0.179 0.175 0.171 0.168 0.165 0.162 0.156 0.152 0.149 0.146 0.143
20 24 0.106 0.124 0.132 0.135 0.135 0.135 0.133 0.132 0.131 0.128 0.125 0.122 0.119 0.117 0.115 0.111 0.108 0.106 0.104 0.102
21 24 0.0635 0.0741 0.0792 0.0809 0.0812 0.0808 0.08 0.0793 0.0783 0.0765 0.0747 0.0731 0.0715 0.0701 0.0689 0.0667 0.0649 0.0634 0.0622 0.0611
23 24 0.0804 0.122 0.176 0.211 0.238 0.247 0.252 0.253 0.251 0.245 0.237 0.229 0.221 0.214 0.207 0.195 0.185 0.177 0.169 0.163
1 25 1.45e-12 2.06e-08 1.14e-07 2.15e-07 3.22e-07 3.67e-07 4.12e-07 4.32e-07 4.51e-07 4.65e-07 4.65e-07 4.57e-07 4.45e-07 4.32e-07 4.17e-07 3.88e-07 3.6e-07 3.35e-07 3.13e-07 2.93e-07
2 25 2.68e-10 3.72e-06 2.14e-05 4.12e-05 6.1e-05 6.82e-05 7.33e-05 7.43e-05 7.39e-05 7.07e-05 6.64e-05 6.2e-05 5.79e-05 5.41e-05 5.07e-05 4.49e-05 4.02e-05 3.63e-05 3.31e-05 3.04e-05
3 25 2.07e-10 2.92e-06 1.71e-05 3.31e-05 4.93e-05 5.53e-05 5.96e-05 6.05e-05 6.03e-05 5.78e-05 5.44e-05 5.09e-05 4.75e-05 4.44e-05 4.17e-05 3.69e-05 3.31e-05 2.99e-05 2.73e-05 2.51e-05
4 25 7.64e-11 1.14e-06 6.92e-06 1.37e-05 2.1e-05 2.41e-05 2.68e-05 2.79e-05 2.87e-05 2.89e-05 2.83e-05 2.74e-05 2.63e-05 2.52e-05 2.41e-05 2.21e-05 2.03e-05 1.87e-05 1.73e-05 1.61e-05
5 25 1.07e-11 1.88e-07 1.23e-06 2.54e-06 4.17e-06 5.02e-06 6.01e-06 6.52e-06 7.11e-06 7.72e-06 8e-06 8.08e-06 8.03e-06 7.91e-06 7.73e-06 7.31e-06 6.88e-06 6.46e-06 6.07e-06 5.71e-06
6 25 0.292 0.36 0.416 0.445 0.464 0.469 0.472 0.472 0.47 0.467 0.462 0.457 0.452 0.448 0.444 0.437 0.431 0.426 0.422 0.418
10 25 0.224 0.257 0.283 0.295 0.3 0.3 0.299 0.298 0.295 0.291 0.286 0.282 0.278 0.275 0.272 0.267 0.263 0.26 0.257 0.254
11 25 0.0828 0.0927 0.0997 0.103 0.104 0.103 0.102 0.102 0.101 0.0987 0.0969 0.0954 0.094 0.0928 0.0917 0.0899 0.0884 0.0872 0.0862 0.0854
7 25 0.153 0.162 0.184 0.202 0.217 0.223 0.228 0.229 0.23 0.229 0.226 0.223 0.22 0.217 0.214 0.209 0.204 0.2 0.197 0.193
8 25 0.13 0.138 0.158 0.173 0.187 0.192 0.196 0.198 0.198 0.197 0.195 0.193 0.19 0.187 0.185 0.18 0.176 0.172 0.169 0.166
9 25 0.107 0.114 0.131 0.144 0.155 0.16 0.163 0.164 0.165 0.164 0.162 0.16 0.158 0.156 0.153 0.149 0.146 0.143 0.14 0.137
12 25 0.525 0.581 0.63 0.656 0.672 0.676 0.676 0.674 0.669 0.66 0.649 0.639 0.63 0.622 0.614 0.601 0.589 0.58 0.572 0.565
13 25 0.346 0.407 0.461 0.49 0.511 0.517 0.52 0.52 0.518 0.512 0.504 0.497 0.49 0.484 0.478 0.467 0.458 0.451 0.444 0.439
14 25 0.214 0.267 0.312 0.338 0.356 0.362 0.366 0.367 0.366 0.363 0.358 0.353 0.348 0.344 0.34 0.332 0.326 0.321 0.316 0.312
15 25 0.462 0.516 0.51 0.494 0.471 0.458 0.443 0.434 0.422 0.406 0.392 0.38 0.369 0.36 0.352 0.338 0.326 0.316 0.308 0.3
16 25 0.378 0.423 0.42 0.408 0.39 0.38 0.367 0.359 0.35 0.336 0.324 0.314 0.305 0.297 0.29 0.278 0.268 0.26 0.253 0.247
17 25 0.294 0.329 0.327 0.318 0.304 0.296 0.286 0.28 0.273 0.262 0.253 0.245 0.238 0.232 0.226 0.217 0.209 0.202 0.197 0.192
18 25 0.0 0.0 0.0 0.0 0.0 0.0 0.0 0.0 0.0 0.0 0.0 0.0 0.0 0.0 0.0 0.0 0.0 0.0 0.0 0.0
19 25 0.131 0.185 0.243 0.28 0.312 0.323 0.33 0.331 0.329 0.321 0.312 0.302 0.292 0.284 0.276 0.263 0.252 0.242 0.234 0.227
22 25 0.373 0.421 0.453 0.469 0.477 0.478 0.477 0.474 0.47 0.461 0.451 0.441 0.431 0.421 0.413 0.397 0.383 0.371 0.361 0.351
20 25 0.251 0.288 0.316 0.329 0.338 0.339 0.339 0.337 0.334 0.328 0.321 0.313 0.306 0.3 0.293 0.282 0.272 0.263 0.256 0.249
21 25 0.145 0.168 0.186 0.196 0.201 0.202 0.202 0.202 0.2 0.196 0.192 0.188 0.183 0.179 0.175 0.169 0.162 0.157 0.153 0.149
23 25 1.02 1.07 1.14 1.2 1.23 1.23 1.21 1.2 1.17 1.12 1.07 1.03 0.99 0.955 0.923 0.869 0.826 0.79 0.76 0.734
24 25 0.0606 0.128 0.192 0.224 0.244 0.249 0.251 0.25 0.247 0.24 0.233 0.226 0.219 0.213 0.208 0.199 0.192 0.186 0.18 0.176
1 26 1.08 1.57 1.68 1.66 1.61 1.58 1.54 1.52 1.49 1.45 1.4 1.35 1.3 1.26 1.22 1.15 1.09 1.04 0.991 0.952
2 26 0.854 1.27 1.36 1.34 1.3 1.28 1.25 1.23 1.21 1.17 1.13 1.1 1.06 1.03 0.994 0.937 0.889 0.848 0.813 0.783
3 26 0.637 0.916 0.975 0.962 0.93 0.913 0.893 0.882 0.865 0.837 0.809 0.782 0.756 0.731 0.708 0.667 0.632 0.602 0.577 0.555
4 26 0.378 0.545 0.581 0.573 0.554 0.545 0.533 0.526 0.516 0.5 0.483 0.467 0.451 0.437 0.423 0.398 0.377 0.359 0.344 0.331
5 26 0.137 0.196 0.208 0.205 0.197 0.194 0.189 0.187 0.183 0.178 0.172 0.166 0.16 0.155 0.15 0.141 0.134 0.128 0.122 0.118
6 26 0.157 0.149 0.141 0.131 0.116 0.108 0.0977 0.0919 0.0846 0.0748 0.0672 0.0612 0.0562 0.052 0.0484 0.0426 0.0381 0.0345 0.0315 0.029
10 26 0.0838 0.0823 0.0795 0.0744 0.0667 0.0622 0.0565 0.0532 0.0491 0.0435 0.0392 0.0357 0.0328 0.0304 0.0284 0.025 0.0224 0.0202 0.0185 0.017
11 26 0.0322 0.0304 0.0287 0.0266 0.0237 0.0221 0.02 0.0189 0.0174 0.0155 0.014 0.0127 0.0117 0.0109 0.0102 0.00896 0.00803 0.00728 0.00666 0.00614
7 26 0.0107 0.0263 0.0276 0.0264 0.0243 0.0231 0.0217 0.0208 0.0197 0.0182 0.017 0.0159 0.015 0.0142 0.0134 0.0122 0.0111 0.0103 0.00956 0.00894
8 26 0.0109 0.0241 0.0251 0.024 0.0223 0.0214 0.0203 0.0198 0.019 0.018 0.017 0.0162 0.0154 0.0147 0.0141 0.013 0.012 0.0111 0.0104 0.00978
9 26 0.0104 0.0234 0.024 0.0227 0.0209 0.0199 0.0189 0.0183 0.0175 0.0165 0.0157 0.0149 0.0142 0.0135 0.0129 0.0119 0.011 0.0102 0.00954 0.00896
12 26 0.0852 0.108 0.122 0.124 0.121 0.117 0.11 0.106 0.0998 0.0909 0.0834 0.077 0.0715 0.0667 0.0625 0.0556 0.05 0.0455 0.0417 0.0386
13 26 0.0699 0.0849 0.096 0.0986 0.097 0.0947 0.0907 0.0878 0.0837 0.0772 0.0715 0.0665 0.0621 0.0582 0.0547 0.0489 0.0442 0.0403 0.0371 0.0343
14 26 0.0465 0.059 0.0676 0.07 0.0695 0.0682 0.0656 0.0637 0.061 0.0565 0.0525 0.0489 0.0458 0.043 0.0405 0.0363 0.0328 0.03 0.0276 0.0255
15 26 0.0914 0.154 0.166 0.163 0.153 0.146 0.137 0.131 0.123 0.112 0.102 0.0942 0.0874 0.0815 0.0764 0.0678 0.061 0.0555 0.0509 0.047
16 26 0.126 0.154 0.156 0.151 0.142 0.136 0.128 0.124 0.117 0.107 0.0988 0.0916 0.0853 0.0799 0.075 0.0669 0.0604 0.0551 0.0506 0.0468
17 26 0.0919 0.111 0.114 0.112 0.106 0.102 0.0973 0.094 0.0893 0.0824 0.0763 0.071 0.0663 0.0622 0.0586 0.0524 0.0474 0.0432 0.0397 0.0368
18 26 12.3 12.0 10.9 9.83 8.76 8.28 7.76 7.5 7.16 6.7 6.3 5.94 5.62 5.33 5.07 4.61 4.23 3.9 3.63 3.39
19 26 6.63e-12 9.18e-11 1.48e-10 3.34e-10 1.04e-09 1.68e-09 2.67e-09 3.28e-09 4.04e-09 4.94e-09 5.47e-09 5.75e-09 5.86e-09 5.86e-09 5.8e-09 5.58e-09 5.3e-09 5e-09 4.72e-09 4.46e-09
22 26 0.0988 0.268 0.335 0.345 0.328 0.311 0.287 0.272 0.251 0.223 0.2 0.181 0.166 0.153 0.142 0.124 0.11 0.0987 0.0897 0.0822
20 26 0.0787 0.194 0.241 0.249 0.238 0.227 0.211 0.201 0.187 0.167 0.151 0.138 0.127 0.117 0.109 0.0955 0.0851 0.0767 0.0698 0.0641
21 26 0.043 0.111 0.14 0.146 0.14 0.134 0.125 0.119 0.111 0.0993 0.0898 0.082 0.0754 0.0698 0.0649 0.057 0.0509 0.0459 0.0418 0.0384
23 26 5.57e-09 2.22e-07 4.63e-07 9.56e-07 2.62e-06 4.1e-06 6.38e-06 7.76e-06 9.5e-06 1.15e-05 1.27e-05 1.33e-05 1.36e-05 1.36e-05 1.34e-05 1.29e-05 1.22e-05 1.15e-05 1.09e-05 1.03e-05
24 26 2.55e-22 3.25e-21 5.44e-20 4.75e-19 2.4e-18 4.36e-18 7.68e-18 9.83e-18 1.27e-17 1.65e-17 1.89e-17 2.04e-17 2.12e-17 2.15e-17 2.16e-17 2.11e-17 2.03e-17 1.94e-17 1.84e-17 1.75e-17
25 26 3.48e-06 4.92e-05 6.9e-05 7.36e-05 7.57e-05 7.75e-05 8.04e-05 8.23e-05 8.44e-05 8.61e-05 8.58e-05 8.43e-05 8.21e-05 7.95e-05 7.68e-05 7.13e-05 6.61e-05 6.14e-05 5.72e-05 5.35e-05
1 27 6.06e-08 8.44e-07 1.18e-06 1.25e-06 1.31e-06 1.36e-06 1.45e-06 1.5e-06 1.56e-06 1.62e-06 1.64e-06 1.62e-06 1.59e-06 1.55e-06 1.5e-06 1.4e-06 1.3e-06 1.21e-06 1.13e-06 1.06e-06
2 27 1.23e-05 0.000168 0.00024 0.000254 0.000241 0.000226 0.000204 0.000191 0.000173 0.00015 0.000131 0.000117 0.000105 9.53e-05 8.73e-05 7.47e-05 6.52e-05 5.79e-05 5.2e-05 4.73e-05
3 27 9.32e-06 0.00013 0.00019 0.000202 0.000193 0.000182 0.000165 0.000155 0.000141 0.000122 0.000107 9.51e-05 8.56e-05 7.78e-05 7.13e-05 6.11e-05 5.34e-05 4.74e-05 4.26e-05 3.87e-05
4 27 3.45e-06 5.06e-05 7.65e-05 8.37e-05 8.36e-05 8.18e-05 7.86e-05 7.65e-05 7.35e-05 6.88e-05 6.44e-05 6.05e-05 5.69e-05 5.36e-05 5.06e-05 4.55e-05 4.12e-05 3.77e-05 3.46e-05 3.21e-05
5 27 5.12e-07 8.56e-06 1.4e-05 1.61e-05 1.77e-05 1.86e-05 1.97e-05 2.04e-05 2.11e-05 2.17e-05 2.18e-05 2.15e-05 2.09e-05 2.03e-05 1.96e-05 1.82e-05 1.69e-05 1.57e-05 1.46e-05 1.37e-05
6 27 1.09 0.84 0.734 0.676 0.624 0.601 0.574 0.56 0.542 0.518 0.5 0.484 0.472 0.461 0.452 0.437 0.426 0.417 0.409 0.403
10 27 0.661 0.508 0.443 0.408 0.376 0.362 0.346 0.338 0.327 0.313 0.302 0.292 0.285 0.279 0.273 0.264 0.257 0.252 0.248 0.244
11 27 0.222 0.17 0.148 0.136 0.126 0.121 0.116 0.113 0.109 0.105 0.101 0.0978 0.0953 0.0932 0.0913 0.0884 0.0862 0.0844 0.0829 0.0817
7 27 0.639 0.681 0.662 0.643 0.617 0.602 0.583 0.572 0.558 0.538 0.521 0.507 0.495 0.485 0.476 0.46 0.447 0.436 0.427 0.418
8 27 0.63 0.644 0.617 0.596 0.569 0.554 0.535 0.524 0.51 0.491 0.475 0.462 0.451 0.441 0.432 0.417 0.405 0.395 0.386 0.379
9 27 0.575 0.57 0.541 0.52 0.495 0.482 0.465 0.455 0.443 0.425 0.411 0.399 0.389 0.38 0.373 0.359 0.349 0.34 0.333 0.326
12 27 0.543 0.543 0.556 0.563 0.565 0.564 0.559 0.555 0.547 0.533 0.519 0.505 0.491 0.479 0.468 0.449 0.433 0.419 0.407 0.397
13 27 0.529 0.485 0.477 0.474 0.468 0.464 0.458 0.453 0.445 0.432 0.419 0.406 0.395 0.385 0.376 0.359 0.346 0.335 0.325 0.317
14 27 0.435 0.38 0.365 0.358 0.35 0.345 0.339 0.335 0.328 0.317 0.307 0.298 0.289 0.281 0.274 0.262 0.252 0.244 0.237 0.23
15 27 0.777 0.757 0.758 0.754 0.744 0.737 0.726 0.719 0.709 0.693 0.678 0.664 0.651 0.639 0.629 0.61 0.594 0.581 0.569 0.559
16 27 0.766 0.713 0.693 0.677 0.657 0.646 0.632 0.624 0.613 0.596 0.581 0.567 0.555 0.544 0.534 0.518 0.504 0.492 0.482 0.474
17 27 0.661 0.596 0.571 0.553 0.533 0.522 0.509 0.502 0.492 0.477 0.464 0.453 0.443 0.434 0.426 0.412 0.401 0.392 0.384 0.377
18 27 0.0 0.0 0.0 0.0 0.0 0.0 0.0 0.0 0.0 0.0 0.0 0.0 0.0 0.0 0.0 0.0 0.0 0.0 0.0 0.0
19 27 0.513 0.614 0.713 0.776 0.815 0.821 0.816 0.807 0.792 0.762 0.733 0.707 0.683 0.662 0.643 0.61 0.584 0.561 0.542 0.526
22 27 0.831 0.751 0.726 0.719 0.712 0.707 0.699 0.694 0.685 0.671 0.658 0.645 0.635 0.625 0.616 0.601 0.589 0.579 0.571 0.564
20 27 0.566 0.523 0.511 0.508 0.505 0.502 0.497 0.494 0.488 0.478 0.469 0.46 0.453 0.446 0.439 0.429 0.42 0.413 0.406 0.401
21 27 0.344 0.317 0.309 0.306 0.304 0.302 0.299 0.297 0.294 0.288 0.282 0.277 0.272 0.268 0.264 0.257 0.252 0.247 0.244 0.24
23 27 1.44 1.52 1.49 1.47 1.43 1.4 1.35 1.32 1.27 1.2 1.13 1.07 1.02 0.973 0.933 0.867 0.814 0.771 0.735 0.704
24 27 0.141 0.126 0.125 0.13 0.137 0.14 0.144 0.145 0.146 0.145 0.143 0.141 0.139 0.136 0.134 0.13 0.126 0.123 0.121 0.119
25 27 1.45 1.4 1.34 1.3 1.25 1.23 1.2 1.18 1.15 1.1 1.06 1.02 0.985 0.956 0.93 0.886 0.851 0.822 0.798 0.778
26 27 5.61e-06 7.21e-05 9.88e-05 0.000106 0.000117 0.000126 0.000142 0.000151 0.000163 0.000175 0.000181 0.000182 0.00018 0.000176 0.000172 0.000161 0.000151 0.000141 0.000132 0.000124
1 33 0.582 0.446 0.384 0.351 0.323 0.31 0.295 0.288 0.278 0.266 0.256 0.249 0.243 0.238 0.233 0.227 0.222 0.218 0.214 0.212
2 33 0.277 0.237 0.218 0.209 0.201 0.198 0.194 0.191 0.188 0.184 0.18 0.177 0.175 0.173 0.171 0.168 0.166 0.164 0.162 0.161
3 33 0.124 0.121 0.12 0.12 0.12 0.12 0.12 0.12 0.119 0.119 0.118 0.117 0.116 0.115 0.114 0.113 0.112 0.111 0.111 0.11
4 33 0.051 0.057 0.0599 0.0618 0.0637 0.0644 0.0652 0.0655 0.0658 0.0659 0.0659 0.0658 0.0656 0.0654 0.0652 0.0648 0.0644 0.0641 0.0638 0.0636
5 33 0.0137 0.0167 0.0181 0.019 0.0199 0.0202 0.0206 0.0208 0.0209 0.0211 0.0212 0.0212 0.0212 0.0211 0.0211 0.021 0.021 0.0209 0.0208 0.0207
6 33 0.996 0.687 0.568 0.507 0.455 0.434 0.409 0.397 0.381 0.36 0.343 0.329 0.317 0.307 0.297 0.281 0.268 0.257 0.248 0.24
10 33 0.4 0.319 0.285 0.265 0.247 0.239 0.23 0.225 0.219 0.211 0.205 0.2 0.196 0.192 0.189 0.184 0.18 0.177 0.174 0.172
11 33 0.11 0.1 0.0942 0.0901 0.0859 0.0839 0.0816 0.0804 0.0789 0.0769 0.0754 0.0742 0.0732 0.0723 0.0716 0.0705 0.0697 0.0691 0.0686 0.0683
7 33 0.441 0.395 0.361 0.338 0.317 0.307 0.296 0.289 0.28 0.269 0.259 0.251 0.244 0.238 0.232 0.223 0.216 0.21 0.204 0.199
8 33 0.213 0.199 0.184 0.174 0.164 0.159 0.154 0.151 0.147 0.141 0.136 0.132 0.129 0.126 0.123 0.118 0.114 0.111 0.108 0.106
9 33 0.0829 0.0813 0.0758 0.0718 0.068 0.0661 0.0639 0.0627 0.0611 0.0588 0.0568 0.0552 0.0538 0.0526 0.0515 0.0496 0.048 0.0467 0.0455 0.0445
12 33 0.437 0.458 0.453 0.443 0.427 0.416 0.401 0.392 0.378 0.358 0.341 0.326 0.313 0.302 0.292 0.276 0.262 0.252 0.242 0.235
13 33 0.257 0.255 0.249 0.245 0.24 0.237 0.232 0.228 0.223 0.216 0.208 0.202 0.196 0.191 0.186 0.178 0.172 0.166 0.161 0.157
14 33 0.157 0.158 0.156 0.155 0.154 0.153 0.151 0.149 0.147 0.144 0.14 0.137 0.134 0.131 0.129 0.124 0.121 0.118 0.115 0.113
15 33 0.495 0.575 0.557 0.541 0.522 0.51 0.492 0.481 0.465 0.441 0.42 0.402 0.387 0.373 0.362 0.343 0.327 0.315 0.304 0.295
16 33 0.313 0.346 0.333 0.323 0.31 0.303 0.291 0.284 0.273 0.258 0.245 0.234 0.224 0.216 0.209 0.196 0.187 0.179 0.172 0.166
17 33 0.176 0.183 0.172 0.164 0.156 0.151 0.145 0.141 0.135 0.128 0.121 0.115 0.111 0.106 0.103 0.0965 0.0916 0.0875 0.084 0.081
18 33 2.83e-16 2.94e-10 4.03e-09 1.13e-08 2.21e-08 2.76e-08 3.31e-08 3.53e-08 3.72e-08 3.8e-08 3.73e-08 3.59e-08 3.43e-08 3.26e-08 3.1e-08 2.8e-08 2.55e-08 2.33e-08 2.14e-08 1.98e-08
19 33 0.0138 0.0141 0.0138 0.0139 0.0144 0.0148 0.0151 0.0152 0.0152 0.0149 0.0145 0.014 0.0135 0.013 0.0126 0.0117 0.011 0.0104 0.00982 0.00934
22 33 1.41 1.24 1.11 1.03 0.954 0.916 0.871 0.846 0.815 0.774 0.742 0.716 0.695 0.678 0.664 0.641 0.624 0.611 0.601 0.593
20 33 0.838 0.752 0.678 0.63 0.583 0.56 0.533 0.519 0.5 0.476 0.457 0.441 0.429 0.419 0.41 0.397 0.387 0.379 0.373 0.369
21 33 0.387 0.34 0.301 0.276 0.251 0.239 0.226 0.218 0.209 0.197 0.188 0.18 0.174 0.169 0.164 0.157 0.152 0.147 0.144 0.141
23 33 0.461 0.382 0.347 0.323 0.298 0.285 0.27 0.261 0.25 0.234 0.222 0.213 0.204 0.197 0.191 0.182 0.174 0.168 0.163 0.159
24 33 0.0244 0.0239 0.0258 0.0301 0.0369 0.0404 0.0441 0.0457 0.0472 0.0483 0.0482 0.0476 0.0467 0.0457 0.0448 0.0429 0.0412 0.0397 0.0383 0.0372
25 33 0.31 0.265 0.259 0.262 0.265 0.266 0.264 0.263 0.259 0.253 0.246 0.239 0.233 0.228 0.223 0.214 0.207 0.201 0.196 0.192
26 33 0.0471 0.0698 0.0748 0.0765 0.077 0.0764 0.0746 0.073 0.0703 0.0656 0.0612 0.0571 0.0533 0.05 0.0471 0.042 0.0379 0.0345 0.0317 0.0293
27 33 0.36 0.455 0.44 0.418 0.392 0.379 0.364 0.356 0.345 0.331 0.319 0.309 0.3 0.292 0.285 0.273 0.263 0.255 0.248 0.242
1 29 0.0773 0.0953 0.104 0.109 0.114 0.116 0.118 0.119 0.121 0.121 0.122 0.122 0.121 0.121 0.121 0.12 0.119 0.118 0.117 0.117
2 29 0.225 0.176 0.153 0.142 0.131 0.126 0.121 0.118 0.115 0.11 0.107 0.104 0.102 0.0999 0.0983 0.0959 0.094 0.0925 0.0913 0.0903
3 29 0.187 0.144 0.125 0.114 0.105 0.101 0.0963 0.0938 0.0907 0.0867 0.0836 0.0812 0.0793 0.0777 0.0763 0.0741 0.0725 0.0712 0.0702 0.0693
4 29 0.106 0.084 0.0741 0.0688 0.0644 0.0624 0.0601 0.0589 0.0574 0.0553 0.0536 0.0523 0.0512 0.0503 0.0495 0.0482 0.0473 0.0465 0.0459 0.0455
5 29 0.0324 0.0266 0.0239 0.0225 0.0214 0.0209 0.0203 0.02 0.0196 0.019 0.0185 0.0181 0.0178 0.0175 0.0173 0.0169 0.0166 0.0163 0.0162 0.016
6 29 0.403 0.321 0.287 0.267 0.249 0.241 0.232 0.227 0.221 0.213 0.207 0.202 0.198 0.194 0.191 0.186 0.181 0.178 0.175 0.173
10 29 0.372 0.261 0.217 0.195 0.176 0.168 0.159 0.155 0.149 0.141 0.135 0.129 0.125 0.12 0.117 0.111 0.106 0.101 0.0977 0.0947
11 29 0.128 0.0804 0.0637 0.0552 0.0481 0.0452 0.0419 0.0403 0.0383 0.0357 0.0336 0.032 0.0305 0.0293 0.0282 0.0262 0.0246 0.0233 0.0221 0.0211
7 29 0.0767 0.0767 0.0713 0.0675 0.064 0.0625 0.0607 0.0597 0.0584 0.0565 0.055 0.0536 0.0523 0.0512 0.0502 0.0485 0.047 0.0458 0.0447 0.0437
8 29 0.181 0.159 0.145 0.136 0.127 0.123 0.118 0.115 0.111 0.106 0.102 0.0987 0.0958 0.0932 0.091 0.0872 0.0842 0.0815 0.0793 0.0773
9 29 0.189 0.174 0.16 0.151 0.142 0.138 0.133 0.13 0.127 0.122 0.118 0.115 0.112 0.11 0.107 0.104 0.101 0.0986 0.0964 0.0945
12 29 0.161 0.155 0.152 0.151 0.15 0.15 0.148 0.147 0.145 0.142 0.139 0.135 0.133 0.13 0.127 0.123 0.119 0.116 0.113 0.111
13 29 0.205 0.222 0.218 0.212 0.205 0.2 0.193 0.189 0.183 0.174 0.166 0.16 0.154 0.15 0.145 0.138 0.132 0.128 0.124 0.121
14 29 0.152 0.151 0.146 0.142 0.137 0.133 0.128 0.125 0.121 0.114 0.108 0.103 0.099 0.0952 0.0918 0.0862 0.0816 0.0778 0.0746 0.0719
15 29 0.194 0.199 0.185 0.177 0.168 0.163 0.156 0.152 0.146 0.138 0.13 0.124 0.118 0.114 0.11 0.103 0.0971 0.0925 0.0886 0.0853
16 29 0.195 0.231 0.222 0.214 0.205 0.2 0.193 0.188 0.182 0.173 0.165 0.158 0.152 0.148 0.143 0.136 0.131 0.126 0.122 0.119
17 29 0.201 0.231 0.228 0.224 0.219 0.215 0.208 0.204 0.197 0.187 0.179 0.171 0.165 0.16 0.155 0.147 0.14 0.135 0.131 0.127
18 29 8.5e-16 8.82e-10 1.21e-08 3.38e-08 6.63e-08 8.28e-08 9.92e-08 1.06e-07 1.12e-07 1.14e-07 1.12e-07 1.08e-07 1.03e-07 9.78e-08 9.3e-08 8.41e-08 7.64e-08 6.98e-08 6.42e-08 5.94e-08
19 29 0.00897 0.00918 0.00889 0.0089 0.00919 0.00938 0.00956 0.00962 0.00961 0.00946 0.00921 0.00892 0.00862 0.00833 0.00805 0.00755 0.00712 0.00675 0.00642 0.00614
22 29 0.625 0.565 0.515 0.481 0.448 0.432 0.412 0.401 0.388 0.369 0.355 0.344 0.334 0.327 0.32 0.31 0.302 0.296 0.291 0.287
20 29 0.5 0.419 0.36 0.323 0.289 0.273 0.254 0.244 0.232 0.215 0.202 0.192 0.184 0.177 0.17 0.16 0.152 0.146 0.141 0.136
21 29 0.452 0.415 0.38 0.358 0.336 0.325 0.312 0.305 0.296 0.284 0.275 0.268 0.262 0.257 0.253 0.247 0.243 0.24 0.238 0.237
23 29 0.281 0.234 0.212 0.198 0.182 0.174 0.165 0.159 0.152 0.143 0.135 0.129 0.124 0.12 0.117 0.111 0.106 0.102 0.0994 0.0968
24 29 0.0147 0.0143 0.0154 0.0181 0.0221 0.0242 0.0264 0.0274 0.0283 0.0289 0.0289 0.0285 0.028 0.0274 0.0268 0.0257 0.0247 0.0238 0.023 0.0223
25 29 0.187 0.16 0.157 0.158 0.16 0.161 0.16 0.159 0.157 0.153 0.149 0.146 0.142 0.139 0.136 0.131 0.128 0.124 0.121 0.119
26 29 0.0283 0.0419 0.0449 0.0459 0.0462 0.0458 0.0448 0.0438 0.0422 0.0394 0.0367 0.0343 0.032 0.0301 0.0283 0.0252 0.0228 0.0207 0.019 0.0176
27 29 0.219 0.278 0.268 0.254 0.238 0.23 0.221 0.216 0.21 0.201 0.194 0.188 0.183 0.178 0.174 0.167 0.161 0.157 0.153 0.149
29 33 0.644 0.561 0.547 0.554 0.565 0.568 0.567 0.564 0.558 0.544 0.529 0.514 0.5 0.488 0.476 0.455 0.437 0.422 0.409 0.398
1 28 0.0189 0.0256 0.0289 0.0309 0.0326 0.0333 0.034 0.0343 0.0347 0.0351 0.0353 0.0354 0.0354 0.0355 0.0355 0.0354 0.0353 0.0352 0.0351 0.035
2 28 0.0261 0.0306 0.0327 0.034 0.0353 0.0359 0.0365 0.0368 0.037 0.0371 0.0371 0.037 0.0368 0.0366 0.0365 0.0362 0.0359 0.0357 0.0356 0.0354
3 28 0.0656 0.0511 0.0444 0.0409 0.0379 0.0366 0.035 0.0342 0.0331 0.0318 0.0307 0.0298 0.0291 0.0285 0.0281 0.0273 0.0267 0.0262 0.0258 0.0255
4 28 0.0699 0.049 0.0395 0.0344 0.0299 0.0278 0.0255 0.0243 0.0229 0.0211 0.0198 0.0188 0.018 0.0173 0.0168 0.016 0.0153 0.0149 0.0145 0.0142
5 28 0.0296 0.0201 0.0158 0.0134 0.0113 0.0104 0.00934 0.0088 0.00815 0.00735 0.00677 0.00633 0.00599 0.00572 0.00549 0.00515 0.00489 0.00469 0.00453 0.0044
6 28 0.112 0.102 0.096 0.0919 0.0876 0.0856 0.0832 0.0819 0.0804 0.0784 0.0768 0.0755 0.0745 0.0736 0.0729 0.0717 0.0708 0.0701 0.0696 0.0692
10 28 0.128 0.0805 0.0638 0.0553 0.0483 0.0452 0.042 0.0403 0.0383 0.0357 0.0337 0.032 0.0305 0.0293 0.0282 0.0262 0.0246 0.0233 0.0221 0.0211
11 28 0.0655 0.0426 0.0337 0.0293 0.0259 0.0245 0.0229 0.022 0.0209 0.0194 0.0182 0.0171 0.0161 0.0153 0.0145 0.0133 0.0122 0.0113 0.0105 0.00981
7 28 0.00449 0.00534 0.00524 0.00504 0.00478 0.00463 0.00441 0.00428 0.0041 0.00384 0.00361 0.00342 0.00326 0.00312 0.003 0.00278 0.00261 0.00246 0.00233 0.00221
8 28 0.0487 0.0488 0.046 0.0439 0.0417 0.0408 0.0396 0.039 0.0382 0.0371 0.0362 0.0354 0.0347 0.0342 0.0336 0.0327 0.032 0.0314 0.0308 0.0303
9 28 0.0977 0.0852 0.0772 0.0723 0.0676 0.0653 0.0626 0.0611 0.0591 0.0564 0.0543 0.0525 0.051 0.0498 0.0487 0.0469 0.0455 0.0443 0.0432 0.0422
12 28 0.0509 0.0533 0.0532 0.0532 0.0532 0.0531 0.0528 0.0524 0.0519 0.051 0.05 0.0491 0.0483 0.0475 0.0468 0.0456 0.0445 0.0436 0.0429 0.0422
13 28 0.0544 0.0478 0.0458 0.0448 0.0438 0.0431 0.0421 0.0414 0.0403 0.0385 0.0369 0.0354 0.0341 0.0329 0.0318 0.03 0.0284 0.0271 0.0259 0.025
14 28 0.0737 0.0812 0.0793 0.0766 0.0726 0.0702 0.0669 0.0648 0.0621 0.0581 0.0548 0.0521 0.0497 0.0477 0.0459 0.043 0.0408 0.0389 0.0374 0.0361
15 28 0.0479 0.0473 0.0414 0.0375 0.0337 0.0318 0.0295 0.0283 0.0267 0.0247 0.0231 0.0218 0.0207 0.0198 0.019 0.0176 0.0165 0.0157 0.0149 0.0143
16 28 0.0817 0.088 0.0871 0.0862 0.0844 0.0828 0.0801 0.0783 0.0756 0.0714 0.0678 0.0647 0.062 0.0597 0.0577 0.0544 0.0517 0.0495 0.0476 0.046
17 28 0.0727 0.091 0.089 0.0869 0.0844 0.0829 0.0806 0.0791 0.0769 0.0736 0.0708 0.0683 0.0662 0.0643 0.0627 0.0601 0.0579 0.0562 0.0547 0.0534
18 28 3.41e-21 1.41e-17 6.28e-17 1.13e-16 1.64e-16 1.83e-16 1.99e-16 2.03e-16 2.04e-16 1.97e-16 1.87e-16 1.76e-16 1.65e-16 1.55e-16 1.46e-16 1.3e-16 1.17e-16 1.06e-16 9.69e-17 8.92e-17
19 28 0.0031 0.00318 0.00307 0.00306 0.00315 0.00322 0.00327 0.00329 0.00329 0.00324 0.00315 0.00306 0.00296 0.00286 0.00277 0.0026 0.00246 0.00234 0.00223 0.00213
22 28 0.153 0.13 0.112 0.1 0.0889 0.0837 0.0777 0.0745 0.0706 0.0654 0.0613 0.0581 0.0554 0.0531 0.0511 0.0479 0.0453 0.0432 0.0415 0.04
20 28 0.262 0.249 0.234 0.224 0.214 0.209 0.202 0.198 0.194 0.187 0.182 0.178 0.175 0.173 0.171 0.168 0.166 0.165 0.164 0.164
21 28 0.126 0.102 0.0851 0.0754 0.0665 0.0624 0.0577 0.0551 0.052 0.0478 0.0446 0.042 0.0398 0.038 0.0364 0.0337 0.0316 0.0298 0.0283 0.027
23 28 0.0943 0.079 0.0716 0.0665 0.0612 0.0586 0.0553 0.0535 0.0511 0.048 0.0455 0.0435 0.0418 0.0404 0.0392 0.0372 0.0357 0.0344 0.0334 0.0325
24 28 0.00489 0.00477 0.00515 0.00602 0.00736 0.00806 0.0088 0.00913 0.00944 0.00964 0.00963 0.00951 0.00933 0.00914 0.00895 0.00857 0.00823 0.00793 0.00767 0.00744
25 28 0.0624 0.0534 0.0524 0.0529 0.0536 0.0538 0.0535 0.0532 0.0526 0.0513 0.0501 0.0489 0.0477 0.0467 0.0458 0.0443 0.043 0.042 0.0411 0.0404
26 28 0.00944 0.0141 0.0152 0.0156 0.0158 0.0158 0.0154 0.0151 0.0146 0.0137 0.0128 0.0119 0.0112 0.0105 0.00988 0.00883 0.00798 0.00727 0.00668 0.00618
27 28 0.0737 0.0933 0.0901 0.0854 0.08 0.0773 0.0742 0.0726 0.0705 0.0676 0.0652 0.0632 0.0614 0.0599 0.0585 0.0562 0.0543 0.0528 0.0515 0.0504
28 33 0.127 0.117 0.12 0.126 0.134 0.137 0.138 0.138 0.137 0.134 0.13 0.125 0.121 0.118 0.114 0.108 0.102 0.098 0.0941 0.0908
28 29 0.296 0.248 0.232 0.225 0.22 0.218 0.214 0.212 0.209 0.204 0.199 0.195 0.192 0.189 0.186 0.182 0.178 0.174 0.172 0.169
1 31 0.813 0.707 0.664 0.64 0.613 0.598 0.579 0.569 0.556 0.539 0.527 0.518 0.51 0.503 0.498 0.487 0.479 0.471 0.464 0.458
2 31 0.392 0.375 0.368 0.363 0.356 0.35 0.343 0.339 0.334 0.327 0.322 0.319 0.316 0.313 0.311 0.306 0.303 0.3 0.297 0.294
3 31 0.167 0.174 0.179 0.181 0.179 0.177 0.174 0.172 0.169 0.166 0.163 0.161 0.159 0.158 0.157 0.155 0.153 0.151 0.15 0.148
4 31 0.0623 0.0671 0.0706 0.0714 0.0707 0.0698 0.0685 0.0676 0.0664 0.0649 0.0637 0.0627 0.0619 0.0612 0.0607 0.0597 0.0588 0.0581 0.0575 0.0569
5 31 0.0155 0.0162 0.0169 0.017 0.0167 0.0165 0.0161 0.0158 0.0155 0.0151 0.0148 0.0145 0.0143 0.0141 0.0139 0.0137 0.0134 0.0132 0.0131 0.0129
6 31 0.515 0.463 0.44 0.42 0.393 0.377 0.357 0.344 0.328 0.305 0.287 0.271 0.259 0.247 0.238 0.222 0.21 0.2 0.192 0.185
10 31 0.181 0.165 0.162 0.156 0.147 0.141 0.133 0.128 0.121 0.112 0.105 0.099 0.0939 0.0896 0.0858 0.0796 0.0747 0.0707 0.0673 0.0645
11 31 0.0278 0.0305 0.0311 0.0304 0.0286 0.0275 0.0258 0.0249 0.0236 0.0218 0.0203 0.0191 0.018 0.0171 0.0163 0.015 0.0139 0.013 0.0122 0.0116
7 31 1.58 1.68 1.65 1.61 1.55 1.52 1.47 1.44 1.4 1.34 1.29 1.26 1.22 1.2 1.18 1.14 1.11 1.09 1.08 1.07
8 31 0.589 0.636 0.634 0.62 0.594 0.577 0.553 0.538 0.518 0.49 0.468 0.449 0.433 0.42 0.409 0.39 0.376 0.365 0.355 0.347
9 31 0.139 0.149 0.146 0.142 0.135 0.131 0.126 0.122 0.118 0.111 0.106 0.102 0.098 0.0949 0.0922 0.0878 0.0843 0.0814 0.0789 0.0768
12 31 1.53 1.23 1.17 1.13 1.09 1.07 1.04 1.02 0.994 0.955 0.922 0.894 0.869 0.848 0.829 0.797 0.77 0.748 0.729 0.713
13 31 0.532 0.453 0.437 0.425 0.411 0.403 0.392 0.385 0.375 0.362 0.35 0.34 0.332 0.324 0.317 0.305 0.295 0.287 0.279 0.273
14 31 0.141 0.131 0.129 0.127 0.124 0.122 0.119 0.117 0.115 0.112 0.109 0.106 0.104 0.102 0.0997 0.0963 0.0934 0.0909 0.0887 0.0867
15 31 1.41 1.56 1.61 1.6 1.54 1.5 1.44 1.41 1.36 1.29 1.23 1.18 1.14 1.11 1.08 1.04 1.0 0.975 0.953 0.934
16 31 0.553 0.666 0.73 0.738 0.714 0.692 0.659 0.638 0.61 0.57 0.537 0.51 0.488 0.468 0.452 0.425 0.403 0.386 0.372 0.36
17 31 0.131 0.154 0.158 0.156 0.15 0.145 0.139 0.136 0.13 0.123 0.117 0.111 0.107 0.103 0.0994 0.0936 0.0889 0.0849 0.0816 0.0787
18 31 2.48e-18 3.09e-12 4.75e-11 1.39e-10 2.82e-10 3.56e-10 4.32e-10 4.63e-10 4.91e-10 5.05e-10 4.97e-10 4.8e-10 4.6e-10 4.38e-10 4.17e-10 3.78e-10 3.44e-10 3.15e-10 2.9e-10 2.68e-10
19 31 0.46 0.52 0.52 0.517 0.512 0.509 0.504 0.501 0.495 0.485 0.476 0.468 0.461 0.454 0.448 0.438 0.429 0.421 0.415 0.409
22 31 0.956 0.843 0.781 0.741 0.707 0.691 0.672 0.66 0.644 0.62 0.598 0.578 0.561 0.546 0.532 0.508 0.489 0.472 0.459 0.447
20 31 0.41 0.38 0.357 0.342 0.327 0.321 0.313 0.308 0.301 0.291 0.283 0.275 0.268 0.262 0.257 0.248 0.241 0.234 0.229 0.224
21 31 0.114 0.111 0.104 0.098 0.0927 0.0902 0.0872 0.0856 0.0834 0.0803 0.0778 0.0757 0.0739 0.0724 0.071 0.0688 0.0669 0.0653 0.0639 0.0626
23 31 0.431 0.389 0.36 0.345 0.333 0.328 0.322 0.318 0.312 0.303 0.293 0.284 0.276 0.268 0.261 0.248 0.237 0.228 0.22 0.213
24 31 0.0191 0.0222 0.0238 0.0271 0.0318 0.0339 0.0356 0.0362 0.0363 0.0355 0.0341 0.0326 0.0311 0.0296 0.0282 0.0258 0.0237 0.022 0.0204 0.0191
25 31 0.237 0.239 0.238 0.238 0.235 0.233 0.229 0.226 0.221 0.213 0.206 0.198 0.192 0.186 0.181 0.171 0.163 0.157 0.151 0.146
26 31 0.0281 0.0399 0.0429 0.043 0.0416 0.0405 0.0386 0.0373 0.0355 0.0327 0.0303 0.0282 0.0263 0.0247 0.0232 0.0208 0.0189 0.0173 0.0159 0.0148
27 31 0.71 0.875 0.852 0.815 0.77 0.745 0.712 0.693 0.665 0.625 0.591 0.561 0.535 0.512 0.492 0.459 0.433 0.412 0.394 0.379
31 33 1.22 1.3 1.26 1.24 1.24 1.23 1.22 1.21 1.2 1.17 1.15 1.12 1.1 1.09 1.07 1.04 1.02 1.01 0.997 0.988
29 31 0.35 0.349 0.336 0.332 0.331 0.331 0.33 0.328 0.326 0.32 0.314 0.309 0.304 0.299 0.295 0.287 0.281 0.275 0.271 0.267
28 31 0.0965 0.0917 0.0889 0.0875 0.0862 0.0854 0.0844 0.0838 0.083 0.0817 0.0806 0.0795 0.0786 0.0778 0.077 0.0756 0.0744 0.0733 0.0723 0.0714
1 32 0.303 0.315 0.325 0.328 0.326 0.322 0.317 0.314 0.309 0.303 0.299 0.295 0.292 0.29 0.287 0.284 0.281 0.278 0.275 0.273
2 32 0.384 0.32 0.29 0.273 0.256 0.247 0.236 0.23 0.223 0.214 0.207 0.202 0.198 0.194 0.191 0.185 0.18 0.176 0.173 0.169
3 32 0.282 0.252 0.24 0.232 0.221 0.215 0.208 0.203 0.198 0.191 0.186 0.182 0.179 0.176 0.173 0.169 0.166 0.162 0.16 0.157
4 32 0.154 0.154 0.154 0.154 0.152 0.15 0.147 0.145 0.143 0.14 0.138 0.136 0.135 0.134 0.133 0.131 0.129 0.128 0.127 0.125
5 32 0.0472 0.0507 0.0526 0.0535 0.0537 0.0535 0.053 0.0527 0.0523 0.0517 0.0513 0.0509 0.0507 0.0504 0.0502 0.0499 0.0495 0.0492 0.0489 0.0486
6 32 0.299 0.273 0.263 0.252 0.236 0.227 0.214 0.206 0.196 0.182 0.17 0.161 0.153 0.146 0.14 0.13 0.122 0.116 0.111 0.106
10 32 0.177 0.172 0.168 0.163 0.154 0.148 0.14 0.136 0.129 0.12 0.113 0.107 0.102 0.0975 0.0937 0.0873 0.0823 0.0782 0.0748 0.072
11 32 0.0983 0.085 0.0813 0.0778 0.0726 0.0694 0.0652 0.0627 0.0595 0.055 0.0514 0.0484 0.046 0.0439 0.0421 0.0393 0.037 0.0352 0.0337 0.0325
7 32 0.469 0.492 0.482 0.467 0.446 0.433 0.415 0.405 0.39 0.369 0.352 0.338 0.326 0.316 0.307 0.293 0.282 0.273 0.265 0.258
8 32 0.76 0.844 0.845 0.832 0.809 0.794 0.772 0.758 0.74 0.713 0.691 0.673 0.658 0.645 0.634 0.617 0.605 0.596 0.588 0.582
9 32 0.593 0.635 0.623 0.606 0.581 0.565 0.543 0.53 0.512 0.486 0.465 0.448 0.433 0.421 0.41 0.393 0.379 0.368 0.359 0.351
12 32 0.536 0.456 0.44 0.428 0.414 0.405 0.394 0.387 0.377 0.364 0.352 0.342 0.333 0.326 0.319 0.307 0.296 0.288 0.281 0.274
13 32 0.754 0.617 0.594 0.58 0.563 0.552 0.536 0.526 0.513 0.492 0.475 0.461 0.448 0.436 0.426 0.409 0.395 0.383 0.373 0.364
14 32 0.485 0.412 0.394 0.383 0.369 0.36 0.349 0.342 0.333 0.319 0.307 0.297 0.289 0.281 0.274 0.263 0.253 0.245 0.239 0.233
15 32 0.493 0.547 0.567 0.561 0.54 0.524 0.501 0.487 0.469 0.442 0.42 0.401 0.385 0.372 0.36 0.34 0.325 0.312 0.301 0.292
16 32 0.708 0.847 0.902 0.903 0.875 0.851 0.816 0.794 0.764 0.722 0.688 0.66 0.636 0.616 0.6 0.573 0.552 0.536 0.523 0.512
17 32 0.544 0.606 0.633 0.629 0.606 0.588 0.563 0.547 0.526 0.495 0.47 0.449 0.431 0.416 0.403 0.381 0.364 0.35 0.338 0.329
18 32 3.98e-17 3.35e-11 4.21e-10 1.13e-09 2.15e-09 2.64e-09 3.13e-09 3.32e-09 3.48e-09 3.52e-09 3.44e-09 3.3e-09 3.14e-09 2.98e-09 2.83e-09 2.55e-09 2.31e-09 2.11e-09 1.94e-09 1.79e-09
19 32 0.372 0.42 0.419 0.415 0.411 0.408 0.404 0.401 0.396 0.389 0.382 0.376 0.37 0.366 0.361 0.355 0.349 0.345 0.341 0.338
22 32 0.488 0.45 0.422 0.403 0.385 0.377 0.366 0.36 0.352 0.34 0.329 0.319 0.311 0.304 0.297 0.286 0.277 0.27 0.263 0.257
20 32 0.41 0.361 0.331 0.312 0.295 0.288 0.278 0.272 0.265 0.253 0.242 0.232 0.224 0.216 0.21 0.198 0.189 0.181 0.174 0.168
21 32 0.299 0.273 0.257 0.246 0.237 0.233 0.227 0.224 0.22 0.213 0.207 0.201 0.197 0.192 0.189 0.182 0.177 0.173 0.169 0.165
23 32 0.355 0.326 0.3 0.286 0.274 0.269 0.263 0.26 0.255 0.246 0.238 0.23 0.223 0.216 0.21 0.2 0.191 0.183 0.177 0.172
24 32 0.0149 0.0172 0.0184 0.021 0.0245 0.0261 0.0275 0.0279 0.028 0.0274 0.0264 0.0252 0.024 0.0229 0.0218 0.0199 0.0183 0.017 0.0158 0.0148
25 32 0.185 0.187 0.186 0.186 0.184 0.183 0.18 0.177 0.174 0.167 0.161 0.156 0.151 0.146 0.142 0.135 0.129 0.123 0.119 0.115
26 32 0.0266 0.0362 0.0389 0.0398 0.0399 0.0395 0.0386 0.0378 0.0364 0.0341 0.0319 0.0299 0.0281 0.0264 0.025 0.0224 0.0204 0.0187 0.0173 0.0161
27 32 0.571 0.712 0.691 0.66 0.622 0.602 0.575 0.559 0.537 0.505 0.477 0.453 0.432 0.414 0.398 0.372 0.351 0.335 0.321 0.309
32 33 0.627 0.649 0.627 0.618 0.614 0.613 0.609 0.606 0.6 0.588 0.576 0.566 0.556 0.547 0.539 0.526 0.515 0.507 0.5 0.494
29 32 0.559 0.595 0.58 0.571 0.565 0.562 0.557 0.553 0.546 0.535 0.523 0.513 0.504 0.496 0.489 0.478 0.469 0.463 0.458 0.453
28 32 0.123 0.129 0.123 0.122 0.123 0.123 0.123 0.123 0.122 0.12 0.117 0.114 0.112 0.11 0.108 0.105 0.102 0.0997 0.0978 0.0963
31 32 1.82 1.75 1.64 1.57 1.51 1.49 1.46 1.45 1.42 1.39 1.35 1.32 1.29 1.26 1.24 1.2 1.16 1.13 1.1 1.08
1 30 0.0963 0.104 0.109 0.111 0.109 0.108 0.105 0.104 0.102 0.0991 0.097 0.0953 0.0939 0.0927 0.0916 0.0899 0.0884 0.0872 0.0861 0.0851
2 30 0.206 0.218 0.226 0.229 0.227 0.224 0.22 0.217 0.214 0.209 0.205 0.202 0.2 0.198 0.196 0.193 0.191 0.189 0.187 0.185
3 30 0.257 0.238 0.232 0.227 0.219 0.214 0.208 0.204 0.199 0.193 0.188 0.185 0.182 0.18 0.178 0.174 0.171 0.168 0.165 0.163
4 30 0.209 0.177 0.162 0.154 0.145 0.14 0.135 0.131 0.128 0.123 0.12 0.117 0.115 0.113 0.111 0.109 0.106 0.104 0.102 0.1
5 30 0.0801 0.0646 0.0571 0.0531 0.0493 0.0475 0.0453 0.0441 0.0427 0.041 0.0397 0.0388 0.038 0.0373 0.0367 0.0356 0.0347 0.0339 0.0332 0.0326
6 30 0.136 0.133 0.133 0.129 0.122 0.117 0.11 0.106 0.1 0.0928 0.0867 0.0816 0.0772 0.0735 0.0703 0.0649 0.0607 0.0572 0.0542 0.0518
10 30 0.213 0.191 0.183 0.176 0.164 0.158 0.148 0.143 0.136 0.126 0.118 0.112 0.106 0.101 0.0974 0.0909 0.0857 0.0816 0.0782 0.0753
11 30 0.0686 0.0644 0.0612 0.0586 0.0554 0.0535 0.0509 0.0494 0.0474 0.0445 0.0421 0.0401 0.0383 0.0369 0.0356 0.0334 0.0317 0.0304 0.0292 0.0283
7 30 0.0726 0.0813 0.0826 0.0813 0.078 0.0756 0.0722 0.0701 0.0672 0.0633 0.0601 0.0574 0.0552 0.0533 0.0517 0.049 0.0469 0.0452 0.0437 0.0424
8 30 0.465 0.498 0.488 0.474 0.452 0.438 0.42 0.409 0.394 0.372 0.355 0.34 0.328 0.318 0.309 0.294 0.283 0.273 0.266 0.259
9 30 0.873 0.972 0.976 0.961 0.931 0.911 0.883 0.866 0.842 0.807 0.779 0.756 0.736 0.719 0.705 0.682 0.664 0.65 0.639 0.629
12 30 0.14 0.132 0.131 0.13 0.127 0.125 0.122 0.12 0.118 0.114 0.111 0.108 0.106 0.103 0.101 0.0979 0.0949 0.0922 0.0899 0.0878
13 30 0.489 0.416 0.399 0.388 0.374 0.366 0.354 0.347 0.338 0.324 0.312 0.302 0.293 0.285 0.278 0.267 0.257 0.249 0.242 0.236
14 30 0.701 0.577 0.558 0.545 0.528 0.517 0.501 0.491 0.477 0.456 0.438 0.423 0.409 0.398 0.388 0.37 0.356 0.345 0.335 0.326
15 30 0.0992 0.145 0.168 0.172 0.167 0.161 0.152 0.146 0.138 0.127 0.118 0.11 0.104 0.0988 0.0942 0.0867 0.0807 0.0759 0.0718 0.0684
16 30 0.475 0.545 0.582 0.583 0.563 0.546 0.521 0.505 0.484 0.454 0.429 0.408 0.39 0.375 0.362 0.341 0.324 0.31 0.299 0.289
17 30 0.757 0.905 0.979 0.986 0.955 0.927 0.886 0.861 0.826 0.776 0.736 0.703 0.676 0.652 0.633 0.601 0.576 0.556 0.54 0.527
18 30 7.14e-17 5.66e-11 6.83e-10 1.79e-09 3.34e-09 4.09e-09 4.8e-09 5.08e-09 5.29e-09 5.34e-09 5.2e-09 4.97e-09 4.73e-09 4.48e-09 4.25e-09 3.83e-09 3.47e-09 3.16e-09 2.9e-09 2.68e-09
19 30 0.273 0.308 0.307 0.304 0.3 0.298 0.295 0.292 0.289 0.284 0.279 0.274 0.27 0.267 0.264 0.26 0.256 0.253 0.251 0.249
22 30 0.184 0.178 0.166 0.158 0.15 0.146 0.141 0.138 0.135 0.129 0.125 0.122 0.119 0.116 0.114 0.11 0.106 0.104 0.101 0.0992
20 30 0.378 0.348 0.33 0.318 0.306 0.299 0.291 0.287 0.28 0.27 0.261 0.253 0.246 0.24 0.235 0.226 0.218 0.212 0.207 0.202
21 30 0.306 0.266 0.244 0.232 0.221 0.216 0.209 0.206 0.2 0.192 0.184 0.178 0.171 0.166 0.161 0.153 0.146 0.14 0.135 0.13
23 30 0.265 0.245 0.225 0.214 0.204 0.2 0.195 0.192 0.188 0.181 0.175 0.169 0.164 0.159 0.154 0.146 0.14 0.134 0.13 0.126
24 30 0.0106 0.0123 0.0131 0.0149 0.0174 0.0186 0.0195 0.0198 0.0199 0.0195 0.0187 0.0179 0.0171 0.0163 0.0155 0.0142 0.013 0.0121 0.0112 0.0105
25 30 0.132 0.134 0.134 0.134 0.133 0.131 0.129 0.127 0.125 0.12 0.116 0.112 0.108 0.105 0.102 0.0969 0.0925 0.0889 0.0857 0.083
26 30 0.0194 0.0263 0.0283 0.0291 0.0294 0.0292 0.0286 0.028 0.0271 0.0254 0.0238 0.0224 0.021 0.0198 0.0187 0.0169 0.0154 0.0141 0.0131 0.0121
27 30 0.418 0.525 0.509 0.486 0.457 0.442 0.422 0.411 0.394 0.371 0.35 0.333 0.318 0.304 0.293 0.274 0.259 0.247 0.237 0.229
30 33 0.324 0.321 0.31 0.306 0.303 0.302 0.299 0.297 0.295 0.29 0.285 0.28 0.276 0.272 0.269 0.263 0.258 0.254 0.25 0.247
29 30 0.4 0.428 0.414 0.409 0.407 0.407 0.405 0.402 0.398 0.389 0.381 0.372 0.365 0.359 0.353 0.343 0.336 0.331 0.326 0.323
28 30 0.233 0.253 0.247 0.243 0.241 0.24 0.238 0.236 0.233 0.228 0.223 0.218 0.214 0.21 0.206 0.201 0.196 0.193 0.19 0.187
30 31 0.481 0.503 0.477 0.458 0.443 0.437 0.431 0.427 0.421 0.411 0.401 0.392 0.384 0.376 0.369 0.357 0.346 0.338 0.33 0.323
30 32 1.61 1.58 1.51 1.45 1.4 1.37 1.34 1.32 1.3 1.25 1.22 1.18 1.15 1.13 1.1 1.06 1.02 0.994 0.968 0.946
1 34 1.41e-15 5.48e-10 6.44e-09 1.67e-08 3.07e-08 3.74e-08 4.36e-08 4.6e-08 4.78e-08 4.8e-08 4.65e-08 4.44e-08 4.22e-08 3.99e-08 3.78e-08 3.4e-08 3.07e-08 2.8e-08 2.57e-08 2.37e-08
2 34 1.66e-14 4.24e-09 4.75e-08 1.21e-07 2.2e-07 2.66e-07 3.1e-07 3.26e-07 3.38e-07 3.38e-07 3.28e-07 3.12e-07 2.96e-07 2.8e-07 2.65e-07 2.38e-07 2.15e-07 1.96e-07 1.8e-07 1.66e-07
3 34 1.67e-14 3.88e-09 4.33e-08 1.1e-07 2.01e-07 2.43e-07 2.83e-07 2.97e-07 3.08e-07 3.09e-07 2.99e-07 2.85e-07 2.71e-07 2.56e-07 2.42e-07 2.18e-07 1.97e-07 1.79e-07 1.64e-07 1.52e-07
4 34 3.61e-13 6e-08 6.26e-07 1.56e-06 2.8e-06 3.37e-06 3.91e-06 4.1e-06 4.24e-06 4.24e-06 4.1e-06 3.91e-06 3.7e-06 3.5e-06 3.31e-06 2.97e-06 2.69e-06 2.45e-06 2.25e-06 2.07e-06
5 34 2.37e-13 3.92e-08 4.08e-07 1.01e-06 1.82e-06 2.2e-06 2.54e-06 2.67e-06 2.76e-06 2.76e-06 2.67e-06 2.55e-06 2.41e-06 2.28e-06 2.16e-06 1.94e-06 1.75e-06 1.59e-06 1.46e-06 1.35e-06
6 34 0.142 0.159 0.16 0.159 0.157 0.156 0.155 0.155 0.153 0.151 0.149 0.147 0.144 0.142 0.14 0.136 0.133 0.13 0.128 0.126
10 34 0.0851 0.0958 0.0962 0.0955 0.0948 0.0945 0.094 0.0936 0.093 0.0918 0.0905 0.0891 0.0877 0.0864 0.0852 0.0829 0.081 0.0793 0.0779 0.0766
11 34 0.0284 0.032 0.0321 0.0319 0.0317 0.0316 0.0315 0.0314 0.0312 0.0308 0.0303 0.0299 0.0294 0.029 0.0286 0.0278 0.0272 0.0266 0.0261 0.0257
7 34 1.04 0.907 0.866 0.847 0.824 0.807 0.782 0.766 0.743 0.709 0.68 0.657 0.637 0.62 0.605 0.582 0.564 0.549 0.538 0.527
8 34 0.876 0.766 0.731 0.716 0.697 0.684 0.664 0.65 0.632 0.604 0.58 0.561 0.544 0.53 0.518 0.499 0.484 0.472 0.462 0.454
9 34 0.716 0.624 0.595 0.582 0.567 0.557 0.542 0.531 0.516 0.494 0.476 0.46 0.447 0.436 0.426 0.411 0.399 0.39 0.382 0.376
12 34 0.379 0.356 0.361 0.37 0.379 0.381 0.379 0.376 0.369 0.356 0.343 0.33 0.319 0.308 0.299 0.283 0.271 0.26 0.252 0.245
13 34 0.295 0.278 0.283 0.291 0.298 0.3 0.299 0.296 0.291 0.282 0.271 0.262 0.253 0.245 0.237 0.225 0.216 0.208 0.201 0.196
14 34 0.211 0.2 0.203 0.209 0.215 0.216 0.216 0.214 0.211 0.204 0.196 0.189 0.183 0.177 0.172 0.164 0.157 0.151 0.146 0.143
15 34 0.844 0.775 0.785 0.798 0.806 0.804 0.795 0.788 0.775 0.752 0.732 0.713 0.696 0.681 0.669 0.647 0.63 0.615 0.604 0.593
16 34 0.696 0.637 0.644 0.655 0.662 0.661 0.655 0.649 0.639 0.621 0.605 0.59 0.577 0.565 0.555 0.538 0.524 0.513 0.503 0.495
17 34 0.545 0.497 0.5 0.508 0.513 0.513 0.508 0.504 0.497 0.484 0.472 0.461 0.451 0.442 0.435 0.422 0.412 0.403 0.396 0.39
18 34 0.0 0.0 0.0 0.0 0.0 0.0 0.0 0.0 0.0 0.0 0.0 0.0 0.0 0.0 0.0 0.0 0.0 0.0 0.0 0.0
19 34 3.15 2.43 2.19 2.07 1.98 1.94 1.88 1.85 1.8 1.73 1.68 1.63 1.59 1.55 1.52 1.48 1.45 1.42 1.4 1.39
22 34 0.326 0.316 0.318 0.325 0.338 0.345 0.352 0.354 0.356 0.355 0.35 0.344 0.337 0.33 0.323 0.311 0.3 0.29 0.281 0.273
20 34 0.234 0.226 0.227 0.233 0.242 0.246 0.251 0.253 0.255 0.254 0.25 0.246 0.241 0.236 0.232 0.223 0.215 0.208 0.202 0.196
21 34 0.141 0.136 0.137 0.14 0.145 0.148 0.151 0.152 0.153 0.152 0.15 0.148 0.145 0.142 0.139 0.134 0.129 0.125 0.122 0.118
23 34 0.547 0.763 0.881 0.946 0.994 1.01 1.01 1.0 0.985 0.951 0.916 0.882 0.85 0.822 0.797 0.753 0.717 0.688 0.662 0.641
24 34 0.0755 0.12 0.137 0.144 0.145 0.143 0.137 0.133 0.127 0.117 0.108 0.1 0.0938 0.0882 0.0833 0.0753 0.0689 0.0637 0.0595 0.0559
25 34 0.393 0.462 0.488 0.511 0.531 0.536 0.535 0.53 0.521 0.501 0.481 0.462 0.444 0.429 0.415 0.392 0.372 0.357 0.343 0.332
26 34 1.95e-12 3.78e-07 4.09e-06 1.03e-05 1.87e-05 2.26e-05 2.63e-05 2.76e-05 2.86e-05 2.87e-05 2.78e-05 2.65e-05 2.51e-05 2.38e-05 2.25e-05 2.02e-05 1.83e-05 1.66e-05 1.53e-05 1.41e-05
27 34 1.37 1.35 1.33 1.32 1.31 1.31 1.29 1.29 1.27 1.24 1.21 1.18 1.16 1.14 1.12 1.09 1.06 1.04 1.03 1.01
33 34 0.525 0.514 0.549 0.582 0.615 0.626 0.633 0.634 0.632 0.624 0.614 0.605 0.597 0.59 0.583 0.573 0.566 0.56 0.554 0.55
29 34 0.316 0.31 0.331 0.351 0.371 0.378 0.383 0.383 0.382 0.377 0.372 0.367 0.362 0.358 0.355 0.349 0.345 0.342 0.339 0.337
28 34 0.105 0.104 0.111 0.117 0.124 0.126 0.128 0.128 0.128 0.126 0.125 0.123 0.121 0.12 0.119 0.117 0.116 0.115 0.114 0.114
31 34 0.665 0.689 0.746 0.798 0.863 0.896 0.933 0.951 0.969 0.983 0.986 0.982 0.976 0.967 0.958 0.939 0.922 0.906 0.891 0.878
32 34 0.533 0.551 0.596 0.637 0.689 0.716 0.746 0.76 0.774 0.785 0.788 0.785 0.78 0.773 0.766 0.751 0.738 0.726 0.715 0.704
30 34 0.389 0.401 0.434 0.464 0.502 0.522 0.543 0.553 0.564 0.572 0.574 0.572 0.568 0.563 0.558 0.548 0.538 0.529 0.522 0.515
*** Fe III collision strengths
*** ATOM iron
*** SPECTRUM 3
*** GSCONFIG d6
*** N_LEVELS 34
*** T_UNIT K
*** SOURCE1 Zhang, H. 1996, AAS 119, 523
*** NOTE1 Collision strengths
