Aij
1/s 1/s 1/s 1/s 1/s 1/s 1/s 1/s 1/s 1/s 1/s 1/s 1/s 1/s 1/s 1/s 1/s 1/s 1/s 1/s 1/s 1/s 1/s 1/s 1/s 1/s 1/s 1/s 1/s 1/s 1/s 1/s 1/s 1/s 
0.0 0.0 0.0 0.0 0.0 0.0 0.0 0.0 0.0 0.0 0.0 0.0 0.0 0.0 0.0 0.0 0.0 0.0 0.0 0.0 0.0 0.0 0.0 0.0 0.0 0.0 0.0 0.0 0.0 0.0 0.0 0.0 0.0 0.0 
2.79e-03 0.0 0.0 0.0 0.0 0.0 0.0 0.0 0.0 0.0 0.0 0.0 0.0 0.0 0.0 0.0 0.0 0.0 0.0 0.0 0.0 0.0 0.0 0.0 0.0 0.0 0.0 0.0 0.0 0.0 0.0 0.0 0.0 0.0 
2.84e-09 1.80e-03 0.0 0.0 0.0 0.0 0.0 0.0 0.0 0.0 0.0 0.0 0.0 0.0 0.0 0.0 0.0 0.0 0.0 0.0 0.0 0.0 0.0 0.0 0.0 0.0 0.0 0.0 0.0 0.0 0.0 0.0 0.0 0.0 
0.0 1.10e-09 6.97e-04 0.0 0.0 0.0 0.0 0.0 0.0 0.0 0.0 0.0 0.0 0.0 0.0 0.0 0.0 0.0 0.0 0.0 0.0 0.0 0.0 0.0 0.0 0.0 0.0 0.0 0.0 0.0 0.0 0.0 0.0 0.0 
0.0 0.0 1.86e-10 1.41e-04 0.0 0.0 0.0 0.0 0.0 0.0 0.0 0.0 0.0 0.0 0.0 0.0 0.0 0.0 0.0 0.0 0.0 0.0 0.0 0.0 0.0 0.0 0.0 0.0 0.0 0.0 0.0 0.0 0.0 0.0 
2.40e-06 4.16e-01 5.60e-05 3.88e-02 2.78e-05 0.0 0.0 0.0 0.0 0.0 0.0 0.0 0.0 0.0 0.0 0.0 0.0 0.0 0.0 0.0 0.0 0.0 0.0 0.0 0.0 0.0 0.0 0.0 0.0 0.0 0.0 0.0 0.0 0.0 
1.02e-05 0.0 0.0 0.0 0.0 0.0 0.0 0.0 0.0 0.0 0.0 0.0 0.0 0.0 0.0 0.0 0.0 0.0 0.0 0.0 0.0 0.0 0.0 0.0 0.0 0.0 0.0 0.0 0.0 0.0 0.0 0.0 0.0 0.0 
1.01e-05 5.18e-06 0.0 0.0 0.0 0.0 2.65e-04 0.0 0.0 0.0 0.0 0.0 0.0 0.0 0.0 0.0 0.0 0.0 0.0 0.0 0.0 0.0 0.0 0.0 0.0 0.0 0.0 0.0 0.0 0.0 0.0 0.0 0.0 0.0 
5.72e-03 1.01e-03 2.26e-06 0.0 0.0 2.28e-10 6.09e-14 1.23e-04 0.0 0.0 0.0 0.0 0.0 0.0 0.0 0.0 0.0 0.0 0.0 0.0 0.0 0.0 0.0 0.0 0.0 0.0 0.0 0.0 0.0 0.0 0.0 0.0 0.0 0.0 
0.0 7.43e-05 5.43e-01 1.65e-04 9.27e-02 4.67e-02 0.0 0.0 0.0 0.0 0.0 0.0 0.0 0.0 0.0 0.0 0.0 0.0 0.0 0.0 0.0 0.0 0.0 0.0 0.0 0.0 0.0 0.0 0.0 0.0 0.0 0.0 0.0 0.0 
0.0 0.0 4.50e-04 7.03e-01 0.0 1.19e-08 0.0 0.0 0.0 8.38e-03 0.0 0.0 0.0 0.0 0.0 0.0 0.0 0.0 0.0 0.0 0.0 0.0 0.0 0.0 0.0 0.0 0.0 0.0 0.0 0.0 0.0 0.0 0.0 0.0 
4.50e-01 8.36e-02 6.61e-06 0.0 0.0 3.37e-07 3.67e-08 6.64e-04 1.56e-03 0.0 0.0 0.0 0.0 0.0 0.0 0.0 0.0 0.0 0.0 0.0 0.0 0.0 0.0 0.0 0.0 0.0 0.0 0.0 0.0 0.0 0.0 0.0 0.0 0.0 
4.16e-02 2.46e-01 8.50e-02 1.16e-05 0.0 2.63e-06 0.0 3.61e-08 7.76e-04 7.90e-09 0.0 3.03e-04 0.0 0.0 0.0 0.0 0.0 0.0 0.0 0.0 0.0 0.0 0.0 0.0 0.0 0.0 0.0 0.0 0.0 0.0 0.0 0.0 0.0 0.0 
3.50e-06 2.66e-02 9.76e-02 4.74e-02 1.20e-05 1.65e-05 0.0 0.0 5.68e-08 2.90e-07 6.12e-10 1.98e-12 1.42e-04 0.0 0.0 0.0 0.0 0.0 0.0 0.0 0.0 0.0 0.0 0.0 0.0 0.0 0.0 0.0 0.0 0.0 0.0 0.0 0.0 0.0 
3.88e-04 3.85e-05 0.0 0.0 0.0 0.0 3.38e-02 2.44e-02 2.06e-04 0.0 0.0 1.72e-02 2.58e-07 0.0 0.0 0.0 0.0 0.0 0.0 0.0 0.0 0.0 0.0 0.0 0.0 0.0 0.0 0.0 0.0 0.0 0.0 0.0 0.0 0.0 
9.50e-03 2.47e-03 3.57e-05 0.0 0.0 1.18e-07 2.26e-05 1.89e-04 2.22e-02 0.0 0.0 2.74e-02 1.60e-06 3.72e-07 1.37e-03 0.0 0.0 0.0 0.0 0.0 0.0 0.0 0.0 0.0 0.0 0.0 0.0 0.0 0.0 0.0 0.0 0.0 0.0 0.0 
6.06e-04 3.99e-03 1.59e-03 1.89e-05 0.0 9.02e-07 0.0 2.49e-05 3.74e-02 1.24e-08 0.0 9.51e-04 2.87e-02 1.81e-02 1.67e-11 2.01e-04 0.0 0.0 0.0 0.0 0.0 0.0 0.0 0.0 0.0 0.0 0.0 0.0 0.0 0.0 0.0 0.0 0.0 0.0 
6.59e-04 4.90e-04 2.14e-04 4.72e-05 0.0 0.0 0.0 0.0 0.0 0.0 0.0 0.0 0.0 0.0 0.0 0.0 0.0 0.0 0.0 0.0 0.0 0.0 0.0 0.0 0.0 0.0 0.0 0.0 0.0 0.0 0.0 0.0 0.0 0.0 
3.48e-07 0.0 0.0 0.0 0.0 0.0 8.54e-02 5.65e-02 1.40e-06 0.0 0.0 3.33e-06 0.0 0.0 1.49e-04 7.92e-09 0.0 0.0 0.0 0.0 0.0 0.0 0.0 0.0 0.0 0.0 0.0 0.0 0.0 0.0 0.0 0.0 0.0 0.0 
2.82e-04 2.72e-02 1.03e-01 8.84e-02 6.48e-05 5.55e-02 0.0 0.0 3.28e-04 6.72e-05 8.92e-05 1.69e-03 4.04e-03 2.78e-03 0.0 3.86e-04 1.08e-04 1.14e-07 0.0 0.0 2.90e-09 0.0 0.0 0.0 0.0 0.0 0.0 0.0 0.0 0.0 0.0 0.0 0.0 0.0 
0.0 7.07e-05 1.43e-03 1.35e-01 1.19e-01 1.59e-02 0.0 0.0 0.0 6.36e-02 1.75e-02 0.0 2.29e-03 6.48e-03 0.0 0.0 4.00e-04 0.0 0.0 0.0 0.0 0.0 0.0 0.0 0.0 0.0 0.0 0.0 0.0 0.0 0.0 0.0 0.0 0.0 
2.17e-01 6.11e-02 4.39e-02 3.37e-05 0.0 4.92e-02 0.0 2.19e-04 1.52e-04 1.31e-04 0.0 1.03e-02 5.79e-03 1.30e-03 7.36e-04 1.28e-04 2.75e-05 7.20e-07 0.0 5.17e-05 5.79e-15 0.0 1.36e-13 0.0 0.0 0.0 0.0 0.0 0.0 0.0 0.0 0.0 0.0 0.0 
1.13e-03 2.07e-04 2.28e-07 0.0 0.0 1.27e-06 2.42e-05 1.82e-01 7.51e-02 0.0 0.0 2.02e-01 1.03e-01 9.59e-08 5.90e-04 9.45e-05 3.53e-04 0.0 7.41e-10 1.30e-15 0.0 0.0 0.0 0.0 0.0 0.0 0.0 0.0 0.0 0.0 0.0 0.0 0.0 0.0 
0.0 0.0 5.31e-05 2.16e-05 0.0 3.84e-04 0.0 0.0 0.0 1.19e+00 0.0 0.0 0.0 3.15e-05 0.0 0.0 0.0 0.0 0.0 2.38e-06 2.01e-05 0.0 0.0 0.0 0.0 0.0 0.0 0.0 0.0 0.0 0.0 0.0 0.0 0.0 
1.13e-06 2.66e-05 2.05e-03 1.33e-03 5.80e-07 9.00e-02 0.0 0.0 6.70e-05 3.20e-02 4.26e-05 1.32e-05 2.24e-01 1.20e-01 0.0 8.04e-05 1.88e-03 0.0 0.0 5.82e-03 3.24e-02 3.08e-02 6.08e-05 8.14e-10 0.0 0.0 0.0 0.0 0.0 0.0 0.0 0.0 0.0 0.0 
3.84e+01 2.80e+01 1.91e+01 1.11e+01 3.66e+00 9.63e-04 7.04e-21 1.88e-21 6.59e-06 3.09e-04 2.33e-05 4.96e-05 1.48e-05 2.08e-06 3.61e-23 1.89e-07 4.11e-08 5.98e-05 1.71e-25 9.91e-07 7.42e-07 1.87e-06 1.32e-11 1.23e-10 4.49e-06 0.0 0.0 0.0 0.0 0.0 0.0 0.0 0.0 0.0 
4.76e-04 3.13e-04 9.30e-05 1.83e-06 0.0 4.21e-04 0.0 4.39e-03 3.92e-03 1.94e-04 0.0 3.71e-03 3.15e-03 2.30e-03 3.30e-04 9.63e-02 4.90e-02 0.0 0.0 3.38e-02 9.37e-06 5.84e-02 5.37e-03 0.0 1.04e-03 8.22e-11 0.0 0.0 0.0 0.0 0.0 0.0 0.0 0.0 
0.0 0.0 3.03e-02 4.73e-01 0.0 1.69e+00 0.0 0.0 0.0 3.14e-02 0.0 0.0 0.0 1.71e-01 0.0 0.0 0.0 0.0 0.0 3.59e-01 7.25e-02 0.0 0.0 0.0 1.83e-03 5.92e-07 0.0 0.0 0.0 0.0 0.0 0.0 0.0 0.0 
0.0 3.87e-03 3.74e-01 1.00e-02 5.33e-02 1.27e+00 0.0 0.0 0.0 3.77e-01 9.67e-04 0.0 1.21e-01 6.63e-02 0.0 0.0 1.37e-03 0.0 0.0 2.73e-02 2.54e-01 1.94e-01 0.0 8.77e-02 5.76e-02 1.09e-03 1.99e-05 1.20e-03 0.0 0.0 0.0 0.0 0.0 0.0 
1.46e-04 6.42e-03 2.59e-02 1.44e-02 8.26e-04 1.85e-02 0.0 0.0 2.14e+00 1.00e-01 1.08e-01 5.46e-02 2.42e-01 6.56e-01 0.0 6.82e-02 8.21e-01 0.0 0.0 1.63e-01 9.18e-02 1.25e-02 1.02e-03 7.10e-05 1.58e-02 2.39e-07 1.02e-01 3.16e-08 3.22e-07 0.0 0.0 0.0 1.83e-07 0.0 
1.11e-01 2.45e-02 9.96e-04 0.0 0.0 2.80e-01 2.06e+00 7.83e-02 6.55e-03 0.0 0.0 9.26e-01 2.36e-01 7.42e-03 8.90e-01 1.24e-01 4.79e-03 0.0 7.06e-05 8.24e-04 0.0 1.05e-01 8.78e-03 0.0 2.31e-04 1.72e-08 5.87e-02 0.0 0.0 2.69e-16 0.0 0.0 3.84e-11 0.0 
1.10e-02 6.18e-02 2.44e-02 9.80e-04 0.0 8.46e-02 0.0 2.04e+00 1.51e-01 1.63e-01 0.0 1.56e-01 6.33e-01 2.53e-01 3.46e-02 7.05e-01 1.98e-01 0.0 0.0 4.04e-03 1.14e-03 1.28e-01 6.79e-03 0.0 3.22e-02 2.30e-08 6.26e-03 0.0 6.43e-09 1.63e-05 1.11e-06 0.0 1.43e-08 0.0 
8.46e-05 2.68e-01 1.45e-04 2.31e-02 3.54e-03 5.50e-01 0.0 0.0 3.80e-03 6.56e-01 2.68e-01 1.64e-01 4.95e-02 5.29e-03 0.0 2.16e-03 9.63e-04 5.71e-08 0.0 2.05e-01 6.33e-02 3.34e-01 7.92e-04 1.95e-04 1.36e-01 2.58e-03 3.00e-05 9.16e-09 7.92e-03 0.0 0.0 0.0 0.0 0.0 
4.43e-04 9.85e-05 1.03e-05 0.0 0.0 2.51e-03 8.59e-04 7.63e-02 6.45e-02 0.0 0.0 1.20e-01 4.48e-02 9.47e-04 1.82e-01 1.88e-02 1.83e-01 0.0 2.10e+00 9.41e-04 0.0 2.07e-03 2.21e-01 0.0 3.12e-02 1.53e-09 6.43e-02 0.0 0.0 2.53e-07 2.64e-02 1.53e-02 2.57e-06 0.0 
*** Fe III transition probabilities
*** ATOM iron
*** SPECTRUM 3
*** N_LEVELS 34
*** GSCONFIG d6
*** SOURCE1 Quinet, P. 1996, A&AS, 116, 573
*** NOTE A-values revised by C. Mendoza et al. 2023, Atoms
*** VACUUM 1
