Aij
1/s 1/s 1/s 1/s 1/s 1/s 1/s 1/s 1/s 1/s 1/s 1/s 1/s 1/s 1/s 1/s 1/s 1/s 1/s 1/s 1/s 1/s 1/s 1/s 1/s 1/s 1/s 1/s 1/s 1/s 1/s 1/s 1/s 1/s 
0.0 0.0 0.0 0.0 0.0 0.0 0.0 0.0 0.0 0.0 0.0 0.0 0.0 0.0 0.0 0.0 0.0 0.0 0.0 0.0 0.0 0.0 0.0 0.0 0.0 0.0 0.0 0.0 0.0 0.0 0.0 0.0 0.0 0.0 
0.002790000619 0.0 0.0 0.0 0.0 0.0 0.0 0.0 0.0 0.0 0.0 0.0 0.0 0.0 0.0 0.0 0.0 0.0 0.0 0.0 0.0 0.0 0.0 0.0 0.0 0.0 0.0 0.0 0.0 0.0 0.0 0.0 0.0 0.0 
2.84e-09 0.001800000105 0.0 0.0 0.0 0.0 0.0 0.0 0.0 0.0 0.0 0.0 0.0 0.0 0.0 0.0 0.0 0.0 0.0 0.0 0.0 0.0 0.0 0.0 0.0 0.0 0.0 0.0 0.0 0.0 0.0 0.0 0.0 0.0 
0.0 1.1e-09 0.0006970000063 0.0 0.0 0.0 0.0 0.0 0.0 0.0 0.0 0.0 0.0 0.0 0.0 0.0 0.0 0.0 0.0 0.0 0.0 0.0 0.0 0.0 0.0 0.0 0.0 0.0 0.0 0.0 0.0 0.0 0.0 0.0 
0.0 0.0 1.86e-10 0.000141 0.0 0.0 0.0 0.0 0.0 0.0 0.0 0.0 0.0 0.0 0.0 0.0 0.0 0.0 0.0 0.0 0.0 0.0 0.0 0.0 0.0 0.0 0.0 0.0 0.0 0.0 0.0 0.0 0.0 0.0 
2.4e-06 0.4160996 5.596e-05 0.0388246 2.78e-05 0.0 0.0 0.0 0.0 0.0 0.0 0.0 0.0 0.0 0.0 0.0 0.0 0.0 0.0 0.0 0.0 0.0 0.0 0.0 0.0 0.0 0.0 0.0 0.0 0.0 0.0 0.0 0.0 0.0 
1.02e-05 0.0 0.0 0.0 0.0 0.0 0.0 0.0 0.0 0.0 0.0 0.0 0.0 0.0 0.0 0.0 0.0 0.0 0.0 0.0 0.0 0.0 0.0 0.0 0.0 0.0 0.0 0.0 0.0 0.0 0.0 0.0 0.0 0.0 
1.007e-05 5.18e-06 0.0 0.0 0.0 0.0 0.00026500000155 0.0 0.0 0.0 0.0 0.0 0.0 0.0 0.0 0.0 0.0 0.0 0.0 0.0 0.0 0.0 0.0 0.0 0.0 0.0 0.0 0.0 0.0 0.0 0.0 0.0 0.0 0.0 
0.005720208 0.00101473 2.26e-06 0.0 0.0 2.28e-10 6.09e-14 0.000123000000343 0.0 0.0 0.0 0.0 0.0 0.0 0.0 0.0 0.0 0.0 0.0 0.0 0.0 0.0 0.0 0.0 0.0 0.0 0.0 0.0 0.0 0.0 0.0 0.0 0.0 0.0 
0.0 7.43e-05 0.543127 0.0001653 0.0927 0.04670000209 0.0 0.0 0.0 0.0 0.0 0.0 0.0 0.0 0.0 0.0 0.0 0.0 0.0 0.0 0.0 0.0 0.0 0.0 0.0 0.0 0.0 0.0 0.0 0.0 0.0 0.0 0.0 0.0 
0.0 0.0 0.00045 0.703 0.0 1.19e-08 0.0 0.0 0.0 0.00838 0.0 0.0 0.0 0.0 0.0 0.0 0.0 0.0 0.0 0.0 0.0 0.0 0.0 0.0 0.0 0.0 0.0 0.0 0.0 0.0 0.0 0.0 0.0 0.0 
0.450131 0.0836468 6.61e-06 0.0 0.0 3.37e-07 3.67e-08 0.00066400954 0.00156000154 0.0 0.0 0.0 0.0 0.0 0.0 0.0 0.0 0.0 0.0 0.0 0.0 0.0 0.0 0.0 0.0 0.0 0.0 0.0 0.0 0.0 0.0 0.0 0.0 0.0 
0.0416469 0.2460115 0.0850377 1.16e-05 0.0 2.629e-06 0.0 3.61e-08 0.000776015 7.9e-09 0.0 0.00030300000018 0.0 0.0 0.0 0.0 0.0 0.0 0.0 0.0 0.0 0.0 0.0 0.0 0.0 0.0 0.0 0.0 0.0 0.0 0.0 0.0 0.0 0.0 
3.5e-06 0.0266145 0.097600031 0.0474192 1.2e-05 1.65242e-05 0.0 0.0 5.68e-08 2.8968e-07 6.12e-10 1.98e-12 0.000142000000011 0.0 0.0 0.0 0.0 0.0 0.0 0.0 0.0 0.0 0.0 0.0 0.0 0.0 0.0 0.0 0.0 0.0 0.0 0.0 0.0 0.0 
0.000388 3.85e-05 0.0 0.0 0.0 0.0 0.033805 0.0244122 0.000206221 0.0 0.0 0.01720136 2.58e-07 0.0 0.0 0.0 0.0 0.0 0.0 0.0 0.0 0.0 0.0 0.0 0.0 0.0 0.0 0.0 0.0 0.0 0.0 0.0 0.0 0.0 
0.0095026 0.0024681 3.57e-05 0.0 0.0 1.18e-07 2.26e-05 0.0001895 0.0222178 0.0 0.0 0.02740021 1.601e-06 3.72e-07 0.0013700000181 0.0 0.0 0.0 0.0 0.0 0.0 0.0 0.0 0.0 0.0 0.0 0.0 0.0 0.0 0.0 0.0 0.0 0.0 0.0 
0.00060589 0.0039884 0.0015933 1.89e-05 0.0 9.021e-07 0.0 2.49e-05 0.037417 1.24e-08 0.0 0.00095111 0.028700706 0.01810164 1.67e-11 0.000201000000451 0.0 0.0 0.0 0.0 0.0 0.0 0.0 0.0 0.0 0.0 0.0 0.0 0.0 0.0 0.0 0.0 0.0 0.0 
0.0 0.0 0.0 0.0 0.0 0.0 0.0 0.0 0.0 0.0 0.0 0.0 0.0 0.0 0.0 0.0 0.0 0.0 0.0 0.0 0.0 0.0 0.0 0.0 0.0 0.0 0.0 0.0 0.0 0.0 0.0 0.0 0.0 0.0 
3.48e-07 0.0 0.0 0.0 0.0 0.0 0.08540306 0.056500742 1.4e-06 0.0 0.0 3.33e-06 0.0 0.0 0.000148769 7.92e-09 0.0 0.0 0.0 0.0 0.0 0.0 0.0 0.0 0.0 0.0 0.0 0.0 0.0 0.0 0.0 0.0 0.0 0.0 
0.000282 0.0272264 0.103344 0.08840185 6.48e-05 0.055508 0.0 0.0 0.000328 6.72e-05 8.92e-05 0.00169 0.00404 0.00278 0.0 0.000386 0.000108352 0.0 0.0 0.0 2.9e-09 0.0 0.0 0.0 0.0 0.0 0.0 0.0 0.0 0.0 0.0 0.0 0.0 0.0 
0.0 7.07e-05 0.0014327 0.135252 0.119 0.015929 0.0 0.0 0.0 0.063587 0.0175 0.0 0.00229 0.00648 0.0 0.0 0.0004 0.0 0.0 0.0 0.0 0.0 0.0 0.0 0.0 0.0 0.0 0.0 0.0 0.0 0.0 0.0 0.0 0.0 
0.216934 0.061066 0.043900864 3.37e-05 0.0 0.049236 0.0 0.000219 0.0001524 0.000131 0.0 0.01026 0.00579 0.001303 0.000736 0.000127711 2.75e-05 0.0 0.0 5.17000000384e-05 5.79e-15 0.0 0.0 0.0 0.0 0.0 0.0 0.0 0.0 0.0 0.0 0.0 0.0 0.0 
0.00113242 0.00020702 2.28e-07 0.0 0.0 1.27e-06 2.42e-05 0.1820119 0.07510942 0.0 0.0 0.202000077 0.10300107 9.59e-08 0.0005900644 9.453e-05 0.000352644 0.0 7.41e-10 1.3e-15 0.0 1.360000463e-13 0.0 0.0 0.0 0.0 0.0 0.0 0.0 0.0 0.0 0.0 0.0 0.0 
0.0 0.0 5.31e-05 2.16e-05 0.0 0.000384 0.0 0.0 0.0 1.19 0.0 0.0 0.0 3.15e-05 0.0 0.0 0.0 0.0 0.0 2.38e-06 2.01e-05 0.0 0.0 0.0 0.0 0.0 0.0 0.0 0.0 0.0 0.0 0.0 0.0 0.0 
1.13e-06 2.6600796e-05 0.00204578 0.00132586 5.8e-07 0.0900169 0.0 0.0 6.7e-05 0.0320414 4.26e-05 1.32e-05 0.224266 0.12000334 0.0 8.04e-05 0.0018814 0.0 0.0 0.00582094 0.032400238 0.03080106 6.08e-05 8.14e-10 0.0 0.0 0.0 0.0 0.0 0.0 0.0 0.0 0.0 0.0 
22.2 16.0 11.0 6.4 2.0 0.0 0.0 0.0 0.0 0.0 0.0 0.0 0.0 0.0 0.0 0.0 0.0 0.0 0.0 0.0 0.0 0.0 0.0 0.0 0.0 0.0 0.0 0.0 0.0 0.0 0.0 0.0 0.0 0.0 
0.00047631 0.0003127 9.303e-05 1.83e-06 0.0 0.0004211 0.0 0.00439 0.00392 0.000194 0.0 0.003709 0.00315 0.002301 0.00033 0.096321 0.048993 0.0 0.0 0.033769 9.37e-06 0.058419 0.00537024 0.0 0.0010416 0.0 0.0 0.0 0.0 0.0 0.0 0.0 0.0 0.0 
0.0 0.0 0.0303 0.473 0.0 1.69 0.0 0.0 0.0 0.0314 0.0 0.0 0.0 0.171 0.0 0.0 0.0 0.0 0.0 0.359 0.0725 0.0 0.0 0.0 0.00183 0.0 0.0 0.0 0.0 0.0 0.0 0.0 0.0 0.0 
0.0 0.00387 0.3736 0.010024 0.0533 1.27 0.0 0.0 0.0 0.377306 0.000967 0.0 0.121 0.066271 0.0 0.0 0.00137 0.0 0.0 0.02726 0.2543 0.194 0.0 0.0877 0.057588 0.0 1.99e-05 0.0012 0.0 0.0 0.0 0.0 0.0 0.0 
0.000146 0.00642 0.025948 0.01444 0.000826 0.018524 0.0 0.0 2.14 0.1000994 0.108 0.0546 0.2416 0.656181 0.0 0.0682 0.8208 0.0 0.0 0.16334 0.09176 0.0125123 0.00102 7.1e-05 0.0158185 0.0 0.1020032 3.16e-08 3.2244e-07 0.0 0.0 0.0 1.8300508e-07 0.0 
0.1106 0.024521 0.000996 0.0 0.0 0.28 2.06 0.078307 0.006547 0.0 0.0 0.9261 0.2359 0.00742 0.89 0.1239 0.004794 0.0 7.06e-05 0.000824 0.0 0.10463 0.008782 0.0 0.000231 0.0 0.0587181 0.0 0.0 2.69e-16 0.0 0.0 3.84e-11 0.0 
0.01096 0.06183 0.02440226 0.00098 0.0 0.084621 0.0 2.04 0.150673 0.163 0.0 0.1563 0.63269 0.2531 0.0346 0.70516 0.1981 0.0 0.0 0.0040409 0.00114 0.12804 0.00679 0.0 0.032159 0.0 0.00626137 0.0 6.43e-09 1.63000000801e-05 1.11000000094e-06 0.0 0.0 0.0 
8.46e-05 0.26804 0.0001446 0.0231 0.00354 0.5500922 0.0 0.0 0.0038 0.65578 0.268 0.164 0.049522 0.005293 0.0 0.00216 0.0009628 0.0 0.0 0.2054 0.0633 0.334 0.000792 0.000195 0.135622 0.0 3.00105e-05 9.16e-09 0.00792000368 0.0 0.0 1.43042e-08 0.0 0.0 
0.000443 9.85e-05 1.03e-05 0.0 0.0 0.00251 0.000859 0.0763209 0.06449 0.0 0.0 0.1200139 0.044829 0.000947 0.18208 0.018832 0.18288 0.0 2.1 0.000941 0.0 0.002067 0.221138 0.0 0.0312 0.0 0.0643 0.0 0.0 2.53e-07 0.02640103 0.0153201 2.57e-06 0.0 
*** Fe III transition probabilities
*** ATOM iron
*** SPECTRUM 3
*** N_LEVELS 34
*** GSCONFIG d6
*** SOURCE1 Quinet, P. 1996, AAS, 116, 573 
*** NOTE1 A values
*** SOURCE2 Johansson et al, 2000, AA, 361, 977
*** NOTE2 A values for 5S2-5D0, 1, 2, 3, 4 
*** VACUUM 1
