0   0  1.8000e+03 4.5000e+03 9.0000e+03 1.8000e+04 4.5000e+04 9.0000e+04 1.8000e+05 4.5000e+05 9.0000e+05 1.8000e+06
1 2  1.99000000e+00 2.48000000e+00 2.97000000e+00 3.16000000e+00 2.69000000e+00 2.15000000e+00 1.71000000e+00 1.32000000e+00 1.10000000e+00 9.16000000e-01
1 3  8.93000000e-01 1.11000000e+00 1.37000000e+00 1.48000000e+00 1.24000000e+00 9.77000000e-01 7.49000000e-01 5.33000000e-01 4.13000000e-01 3.22000000e-01
1 4  3.94000000e-01 5.02000000e-01 6.46000000e-01 7.17000000e-01 6.24000000e-01 5.02000000e-01 3.90000000e-01 2.73000000e-01 2.03000000e-01 1.47000000e-01
1 5  1.14000000e-01 1.44000000e-01 1.90000000e-01 2.16000000e-01 1.93000000e-01 1.58000000e-01 1.25000000e-01 8.86000000e-02 6.64000000e-02 4.87000000e-02
1 6  2.42000000e-01 2.51000000e-01 2.50000000e-01 2.36000000e-01 2.12000000e-01 1.96000000e-01 1.83000000e-01 1.60000000e-01 1.32000000e-01 9.88000000e-02
1 7  1.48000000e+00 1.45000000e+00 1.44000000e+00 1.42000000e+00 1.34000000e+00 1.25000000e+00 1.16000000e+00 9.78000000e-01 7.83000000e-01 5.72000000e-01
1 8  6.46000000e-01 6.61000000e-01 6.62000000e-01 6.60000000e-01 6.30000000e-01 5.90000000e-01 5.46000000e-01 4.60000000e-01 3.68000000e-01 2.69000000e-01
1 9  2.10000000e-01 2.20000000e-01 2.21000000e-01 2.07000000e-01 1.69000000e-01 1.40000000e-01 1.17000000e-01 9.30000000e-02 7.34000000e-02 5.35000000e-02
1 10  1.80000000e-01 1.56000000e-01 1.45000000e-01 1.38000000e-01 1.30000000e-01 1.24000000e-01 1.18000000e-01 1.04000000e-01 8.48000000e-02 6.33000000e-02
1 11  5.38000000e-02 4.72000000e-02 4.23000000e-02 3.91000000e-02 3.77000000e-02 3.68000000e-02 3.51000000e-02 3.03000000e-02 2.45000000e-02 1.81000000e-02
1 12  4.81000000e-01 5.27000000e-01 5.32000000e-01 5.01000000e-01 4.47000000e-01 4.14000000e-01 3.82000000e-01 3.26000000e-01 2.64000000e-01 1.95000000e-01
1 13  2.72000000e-01 2.85000000e-01 2.89000000e-01 2.81000000e-01 2.64000000e-01 2.51000000e-01 2.36000000e-01 2.03000000e-01 1.64000000e-01 1.22000000e-01
1 14  9.61000000e-02 8.97000000e-02 8.89000000e-02 8.73000000e-02 8.21000000e-02 7.74000000e-02 7.20000000e-02 6.12000000e-02 4.93000000e-02 3.64000000e-02
1 15  1.53000000e+00 1.41000000e+00 1.33000000e+00 1.24000000e+00 1.08000000e+00 9.64000000e-01 8.74000000e-01 7.43000000e-01 6.02000000e-01 4.45000000e-01
1 16  6.69000000e-01 6.08000000e-01 5.57000000e-01 5.18000000e-01 4.48000000e-01 3.88000000e-01 3.36000000e-01 2.71000000e-01 2.14000000e-01 1.55000000e-01
1 17  2.32000000e-01 2.02000000e-01 1.71000000e-01 1.45000000e-01 1.12000000e-01 9.13000000e-02 7.51000000e-02 5.74000000e-02 4.42000000e-02 3.16000000e-02
1 18  5.18000000e-01 8.59000000e-01 1.18000000e+00 1.27000000e+00 1.07000000e+00 8.02000000e-01 5.55000000e-01 3.22000000e-01 2.08000000e-01 1.30000000e-01
1 19  2.75000000e-01 2.28000000e-01 1.64000000e-01 1.05000000e-01 5.23000000e-02 2.96000000e-02 1.63000000e-02 7.17000000e-03 3.80000000e-03 2.01000000e-03
1 20  2.72000000e-01 3.06000000e-01 3.40000000e-01 3.46000000e-01 3.12000000e-01 2.81000000e-01 2.55000000e-01 2.15000000e-01 1.74000000e-01 1.28000000e-01
1 21  1.43000000e-01 1.44000000e-01 1.56000000e-01 1.62000000e-01 1.51000000e-01 1.37000000e-01 1.23000000e-01 1.01000000e-01 8.02000000e-02 5.84000000e-02
1 22  5.74000000e-01 6.95000000e-01 7.54000000e-01 7.28000000e-01 6.17000000e-01 5.36000000e-01 4.75000000e-01 3.99000000e-01 3.23000000e-01 2.39000000e-01
1 23  1.23000000e-02 9.71000000e-03 8.86000000e-03 8.02000000e-03 6.23000000e-03 4.54000000e-03 2.98000000e-03 1.57000000e-03 9.36000000e-04 5.53000000e-04
1 24  3.57000000e-03 5.69000000e-03 6.07000000e-03 5.31000000e-03 3.54000000e-03 2.38000000e-03 1.49000000e-03 7.28000000e-04 4.01000000e-04 2.16000000e-04
1 25  3.13000000e-02 3.38000000e-02 3.31000000e-02 2.80000000e-02 1.85000000e-02 1.26000000e-02 8.27000000e-03 4.73000000e-03 3.09000000e-03 1.98000000e-03
1 26  9.09000000e-01 1.35000000e+00 1.58000000e+00 1.54000000e+00 1.26000000e+00 9.96000000e-01 8.03000000e-01 7.07000000e-01 7.24000000e-01 7.71000000e-01
1 27  6.28000000e-02 7.01000000e-02 5.76000000e-02 4.15000000e-02 2.48000000e-02 1.64000000e-02 1.08000000e-02 6.27000000e-03 4.14000000e-03 2.67000000e-03
1 28  0.00000000e+00 0.00000000e+00 0.00000000e+00 0.00000000e+00 0.00000000e+00 0.00000000e+00 0.00000000e+00 0.00000000e+00 0.00000000e+00 0.00000000e+00
1 29  0.00000000e+00 0.00000000e+00 0.00000000e+00 0.00000000e+00 0.00000000e+00 0.00000000e+00 0.00000000e+00 0.00000000e+00 0.00000000e+00 0.00000000e+00
1 30  0.00000000e+00 0.00000000e+00 0.00000000e+00 0.00000000e+00 0.00000000e+00 0.00000000e+00 0.00000000e+00 0.00000000e+00 0.00000000e+00 0.00000000e+00
1 31  0.00000000e+00 0.00000000e+00 0.00000000e+00 0.00000000e+00 0.00000000e+00 0.00000000e+00 0.00000000e+00 0.00000000e+00 0.00000000e+00 0.00000000e+00
1 32  0.00000000e+00 0.00000000e+00 0.00000000e+00 0.00000000e+00 0.00000000e+00 0.00000000e+00 0.00000000e+00 0.00000000e+00 0.00000000e+00 0.00000000e+00
1 33  0.00000000e+00 0.00000000e+00 0.00000000e+00 0.00000000e+00 0.00000000e+00 0.00000000e+00 0.00000000e+00 0.00000000e+00 0.00000000e+00 0.00000000e+00
1 34  0.00000000e+00 0.00000000e+00 0.00000000e+00 0.00000000e+00 0.00000000e+00 0.00000000e+00 0.00000000e+00 0.00000000e+00 0.00000000e+00 0.00000000e+00
2 3  1.55000000e+00 1.82000000e+00 2.12000000e+00 2.23000000e+00 1.93000000e+00 1.58000000e+00 1.30000000e+00 1.05000000e+00 8.93000000e-01 7.42000000e-01
2 4  6.50000000e-01 7.78000000e-01 9.03000000e-01 9.29000000e-01 7.54000000e-01 5.80000000e-01 4.40000000e-01 3.24000000e-01 2.72000000e-01 2.37000000e-01
2 5  1.76000000e-01 2.34000000e-01 2.75000000e-01 2.77000000e-01 2.17000000e-01 1.62000000e-01 1.18000000e-01 7.77000000e-02 5.50000000e-02 3.71000000e-02
2 6  1.84000000e-01 1.90000000e-01 1.90000000e-01 1.84000000e-01 1.70000000e-01 1.60000000e-01 1.50000000e-01 1.31000000e-01 1.07000000e-01 8.04000000e-02
2 7  6.54000000e-01 6.22000000e-01 6.04000000e-01 5.90000000e-01 5.60000000e-01 5.29000000e-01 4.93000000e-01 4.20000000e-01 3.36000000e-01 2.46000000e-01
2 8  6.62000000e-01 6.61000000e-01 6.54000000e-01 6.32000000e-01 5.74000000e-01 5.26000000e-01 4.80000000e-01 4.01000000e-01 3.19000000e-01 2.33000000e-01
2 9  5.29000000e-01 5.38000000e-01 5.38000000e-01 5.35000000e-01 5.12000000e-01 4.84000000e-01 4.52000000e-01 3.85000000e-01 3.08000000e-01 2.26000000e-01
2 10  1.51000000e-01 1.28000000e-01 1.16000000e-01 1.06000000e-01 9.43000000e-02 8.76000000e-02 8.14000000e-02 7.01000000e-02 5.71000000e-02 4.25000000e-02
2 11  5.44000000e-02 4.69000000e-02 4.39000000e-02 4.20000000e-02 3.90000000e-02 3.68000000e-02 3.48000000e-02 3.04000000e-02 2.46000000e-02 1.81000000e-02
2 12  2.93000000e-01 3.19000000e-01 3.25000000e-01 3.14000000e-01 2.91000000e-01 2.75000000e-01 2.58000000e-01 2.22000000e-01 1.79000000e-01 1.33000000e-01
2 13  1.82000000e-01 1.93000000e-01 1.94000000e-01 1.81000000e-01 1.57000000e-01 1.41000000e-01 1.27000000e-01 1.06000000e-01 8.54000000e-02 6.30000000e-02
2 14  2.00000000e-01 2.00000000e-01 2.00000000e-01 1.94000000e-01 1.82000000e-01 1.73000000e-01 1.62000000e-01 1.40000000e-01 1.13000000e-01 8.36000000e-02
2 15  7.82000000e-01 7.43000000e-01 6.87000000e-01 6.31000000e-01 5.51000000e-01 4.96000000e-01 4.49000000e-01 3.77000000e-01 3.02000000e-01 2.22000000e-01
2 16  6.65000000e-01 6.10000000e-01 5.81000000e-01 5.45000000e-01 4.73000000e-01 4.22000000e-01 3.82000000e-01 3.25000000e-01 2.64000000e-01 1.95000000e-01
2 17  5.19000000e-01 4.55000000e-01 4.12000000e-01 3.78000000e-01 3.30000000e-01 2.96000000e-01 2.67000000e-01 2.22000000e-01 1.78000000e-01 1.30000000e-01
2 18  4.04000000e-01 6.83000000e-01 9.37000000e-01 1.00000000e+00 8.28000000e-01 6.15000000e-01 4.24000000e-01 2.46000000e-01 1.59000000e-01 9.96000000e-02
2 19  7.47000000e-02 6.98000000e-02 5.34000000e-02 3.63000000e-02 1.98000000e-02 1.20000000e-02 6.92000000e-03 3.18000000e-03 1.72000000e-03 9.20000000e-04
2 20  3.07000000e-01 3.51000000e-01 3.70000000e-01 3.55000000e-01 3.02000000e-01 2.61000000e-01 2.29000000e-01 1.89000000e-01 1.51000000e-01 1.11000000e-01
2 21  1.43000000e-01 1.62000000e-01 1.79000000e-01 1.80000000e-01 1.60000000e-01 1.44000000e-01 1.30000000e-01 1.11000000e-01 8.98000000e-02 6.66000000e-02
2 22  3.43000000e-01 4.13000000e-01 4.54000000e-01 4.49000000e-01 3.94000000e-01 3.49000000e-01 3.12000000e-01 2.62000000e-01 2.11000000e-01 1.56000000e-01
2 23  1.09000000e-02 1.00000000e-02 9.70000000e-03 8.93000000e-03 6.78000000e-03 4.80000000e-03 3.06000000e-03 1.54000000e-03 8.86000000e-04 5.06000000e-04
2 24  5.67000000e-03 1.01000000e-02 1.11000000e-02 9.54000000e-03 6.31000000e-03 4.23000000e-03 2.68000000e-03 1.38000000e-03 8.21000000e-04 4.80000000e-04
2 25  4.11000000e-02 4.35000000e-02 3.90000000e-02 3.14000000e-02 2.02000000e-02 1.33000000e-02 8.26000000e-03 4.12000000e-03 2.39000000e-03 1.38000000e-03
2 26  6.63000000e-01 1.02000000e+00 1.22000000e+00 1.21000000e+00 9.93000000e-01 7.88000000e-01 6.31000000e-01 5.50000000e-01 5.59000000e-01 5.94000000e-01
2 27  5.53000000e-02 5.80000000e-02 4.75000000e-02 3.45000000e-02 2.09000000e-02 1.38000000e-02 8.78000000e-03 4.71000000e-03 2.93000000e-03 1.80000000e-03
2 28  0.00000000e+00 0.00000000e+00 0.00000000e+00 0.00000000e+00 0.00000000e+00 0.00000000e+00 0.00000000e+00 0.00000000e+00 0.00000000e+00 0.00000000e+00
2 29  0.00000000e+00 0.00000000e+00 0.00000000e+00 0.00000000e+00 0.00000000e+00 0.00000000e+00 0.00000000e+00 0.00000000e+00 0.00000000e+00 0.00000000e+00
2 30  0.00000000e+00 0.00000000e+00 0.00000000e+00 0.00000000e+00 0.00000000e+00 0.00000000e+00 0.00000000e+00 0.00000000e+00 0.00000000e+00 0.00000000e+00
2 31  0.00000000e+00 0.00000000e+00 0.00000000e+00 0.00000000e+00 0.00000000e+00 0.00000000e+00 0.00000000e+00 0.00000000e+00 0.00000000e+00 0.00000000e+00
2 32  0.00000000e+00 0.00000000e+00 0.00000000e+00 0.00000000e+00 0.00000000e+00 0.00000000e+00 0.00000000e+00 0.00000000e+00 0.00000000e+00 0.00000000e+00
2 33  0.00000000e+00 0.00000000e+00 0.00000000e+00 0.00000000e+00 0.00000000e+00 0.00000000e+00 0.00000000e+00 0.00000000e+00 0.00000000e+00 0.00000000e+00
2 34  0.00000000e+00 0.00000000e+00 0.00000000e+00 0.00000000e+00 0.00000000e+00 0.00000000e+00 0.00000000e+00 0.00000000e+00 0.00000000e+00 0.00000000e+00
3 4  1.00000000e+00 1.19000000e+00 1.37000000e+00 1.41000000e+00 1.20000000e+00 9.82000000e-01 8.15000000e-01 6.65000000e-01 5.53000000e-01 4.36000000e-01
3 5  2.96000000e-01 3.18000000e-01 3.50000000e-01 3.55000000e-01 2.87000000e-01 2.21000000e-01 1.71000000e-01 1.38000000e-01 1.31000000e-01 1.31000000e-01
3 6  1.26000000e-01 1.29000000e-01 1.28000000e-01 1.25000000e-01 1.19000000e-01 1.13000000e-01 1.06000000e-01 9.20000000e-02 7.51000000e-02 5.60000000e-02
3 7  2.51000000e-01 2.24000000e-01 2.12000000e-01 2.06000000e-01 1.96000000e-01 1.86000000e-01 1.73000000e-01 1.47000000e-01 1.18000000e-01 8.63000000e-02
3 8  4.52000000e-01 4.44000000e-01 4.36000000e-01 4.20000000e-01 3.84000000e-01 3.54000000e-01 3.24000000e-01 2.72000000e-01 2.17000000e-01 1.59000000e-01
3 9  5.03000000e-01 5.10000000e-01 5.09000000e-01 5.02000000e-01 4.73000000e-01 4.43000000e-01 4.11000000e-01 3.48000000e-01 2.78000000e-01 2.03000000e-01
3 10  1.21000000e-01 1.02000000e-01 9.38000000e-02 8.57000000e-02 7.54000000e-02 6.89000000e-02 6.36000000e-02 5.50000000e-02 4.50000000e-02 3.37000000e-02
3 11  4.35000000e-02 3.75000000e-02 3.48000000e-02 3.22000000e-02 2.83000000e-02 2.59000000e-02 2.41000000e-02 2.11000000e-02 1.75000000e-02 1.32000000e-02
3 12  1.45000000e-01 1.55000000e-01 1.59000000e-01 1.56000000e-01 1.47000000e-01 1.40000000e-01 1.31000000e-01 1.13000000e-01 9.12000000e-02 6.75000000e-02
3 13  1.69000000e-01 1.79000000e-01 1.80000000e-01 1.70000000e-01 1.52000000e-01 1.40000000e-01 1.29000000e-01 1.10000000e-01 8.85000000e-02 6.54000000e-02
3 14  1.82000000e-01 1.84000000e-01 1.82000000e-01 1.72000000e-01 1.55000000e-01 1.44000000e-01 1.33000000e-01 1.13000000e-01 9.15000000e-02 6.77000000e-02
3 15  3.50000000e-01 3.40000000e-01 3.10000000e-01 2.80000000e-01 2.43000000e-01 2.19000000e-01 1.97000000e-01 1.64000000e-01 1.31000000e-01 9.52000000e-02
3 16  5.65000000e-01 5.12000000e-01 4.76000000e-01 4.44000000e-01 3.91000000e-01 3.53000000e-01 3.22000000e-01 2.73000000e-01 2.20000000e-01 1.63000000e-01
3 17  5.65000000e-01 5.07000000e-01 4.76000000e-01 4.48000000e-01 3.97000000e-01 3.60000000e-01 3.28000000e-01 2.78000000e-01 2.24000000e-01 1.65000000e-01
3 18  2.87000000e-01 4.89000000e-01 6.68000000e-01 7.10000000e-01 5.83000000e-01 4.33000000e-01 2.98000000e-01 1.74000000e-01 1.12000000e-01 7.03000000e-02
3 19  1.52000000e-02 1.95000000e-02 1.68000000e-02 1.26000000e-02 7.62000000e-03 4.89000000e-03 2.95000000e-03 1.39000000e-03 7.59000000e-04 4.09000000e-04
3 20  2.16000000e-01 2.61000000e-01 2.81000000e-01 2.71000000e-01 2.30000000e-01 1.99000000e-01 1.74000000e-01 1.44000000e-01 1.16000000e-01 8.57000000e-02
3 21  1.62000000e-01 1.85000000e-01 1.96000000e-01 1.86000000e-01 1.56000000e-01 1.35000000e-01 1.19000000e-01 9.99000000e-02 8.09000000e-02 5.99000000e-02
3 22  2.06000000e-01 2.38000000e-01 2.61000000e-01 2.62000000e-01 2.36000000e-01 2.12000000e-01 1.90000000e-01 1.59000000e-01 1.27000000e-01 9.36000000e-02
3 23  7.74000000e-03 7.74000000e-03 7.55000000e-03 6.87000000e-03 5.08000000e-03 3.54000000e-03 2.21000000e-03 1.07000000e-03 5.99000000e-04 3.31000000e-04
3 24  3.88000000e-03 8.45000000e-03 1.01000000e-02 9.06000000e-03 6.06000000e-03 4.01000000e-03 2.48000000e-03 1.23000000e-03 7.13000000e-04 4.09000000e-04
3 25  4.45000000e-02 4.60000000e-02 4.06000000e-02 3.22000000e-02 2.04000000e-02 1.33000000e-02 8.11000000e-03 4.00000000e-03 2.30000000e-03 1.31000000e-03
3 26  4.55000000e-01 7.15000000e-01 8.71000000e-01 8.66000000e-01 7.16000000e-01 5.68000000e-01 4.54000000e-01 3.93000000e-01 3.97000000e-01 4.21000000e-01
3 27  4.53000000e-02 4.56000000e-02 3.74000000e-02 2.74000000e-02 1.69000000e-02 1.13000000e-02 7.39000000e-03 4.12000000e-03 2.63000000e-03 1.66000000e-03
3 28  0.00000000e+00 0.00000000e+00 0.00000000e+00 0.00000000e+00 0.00000000e+00 0.00000000e+00 0.00000000e+00 0.00000000e+00 0.00000000e+00 0.00000000e+00
3 29  0.00000000e+00 0.00000000e+00 0.00000000e+00 0.00000000e+00 0.00000000e+00 0.00000000e+00 0.00000000e+00 0.00000000e+00 0.00000000e+00 0.00000000e+00
3 30  0.00000000e+00 0.00000000e+00 0.00000000e+00 0.00000000e+00 0.00000000e+00 0.00000000e+00 0.00000000e+00 0.00000000e+00 0.00000000e+00 0.00000000e+00
3 31  0.00000000e+00 0.00000000e+00 0.00000000e+00 0.00000000e+00 0.00000000e+00 0.00000000e+00 0.00000000e+00 0.00000000e+00 0.00000000e+00 0.00000000e+00
3 32  0.00000000e+00 0.00000000e+00 0.00000000e+00 0.00000000e+00 0.00000000e+00 0.00000000e+00 0.00000000e+00 0.00000000e+00 0.00000000e+00 0.00000000e+00
3 33  0.00000000e+00 0.00000000e+00 0.00000000e+00 0.00000000e+00 0.00000000e+00 0.00000000e+00 0.00000000e+00 0.00000000e+00 0.00000000e+00 0.00000000e+00
3 34  0.00000000e+00 0.00000000e+00 0.00000000e+00 0.00000000e+00 0.00000000e+00 0.00000000e+00 0.00000000e+00 0.00000000e+00 0.00000000e+00 0.00000000e+00
4 5  3.78000000e-01 4.42000000e-01 5.04000000e-01 5.20000000e-01 4.56000000e-01 3.88000000e-01 3.35000000e-01 2.83000000e-01 2.33000000e-01 1.75000000e-01
4 6  7.12000000e-02 7.23000000e-02 7.12000000e-02 6.98000000e-02 6.74000000e-02 6.47000000e-02 6.10000000e-02 5.29000000e-02 4.30000000e-02 3.20000000e-02
4 7  5.85000000e-02 5.07000000e-02 4.76000000e-02 4.58000000e-02 4.27000000e-02 3.97000000e-02 3.63000000e-02 3.02000000e-02 2.38000000e-02 1.72000000e-02
4 8  2.51000000e-01 2.36000000e-01 2.27000000e-01 2.22000000e-01 2.10000000e-01 1.98000000e-01 1.85000000e-01 1.57000000e-01 1.26000000e-01 9.20000000e-02
4 9  3.35000000e-01 3.42000000e-01 3.39000000e-01 3.28000000e-01 2.98000000e-01 2.73000000e-01 2.49000000e-01 2.08000000e-01 1.66000000e-01 1.21000000e-01
4 10  8.43000000e-02 6.99000000e-02 6.49000000e-02 6.02000000e-02 5.30000000e-02 4.83000000e-02 4.46000000e-02 3.89000000e-02 3.21000000e-02 2.41000000e-02
4 11  2.85000000e-02 2.43000000e-02 2.19000000e-02 1.91000000e-02 1.56000000e-02 1.36000000e-02 1.21000000e-02 1.02000000e-02 8.12000000e-03 5.92000000e-03
4 12  5.54000000e-02 5.76000000e-02 5.92000000e-02 5.89000000e-02 5.62000000e-02 5.35000000e-02 5.00000000e-02 4.27000000e-02 3.44000000e-02 2.54000000e-02
4 13  1.28000000e-01 1.36000000e-01 1.37000000e-01 1.32000000e-01 1.22000000e-01 1.16000000e-01 1.09000000e-01 9.38000000e-02 7.60000000e-02 5.63000000e-02
4 14  1.16000000e-01 1.19000000e-01 1.17000000e-01 1.08000000e-01 9.36000000e-02 8.47000000e-02 7.70000000e-02 6.49000000e-02 5.22000000e-02 3.86000000e-02
4 15  1.22000000e-01 1.21000000e-01 1.11000000e-01 9.94000000e-02 8.54000000e-02 7.63000000e-02 6.83000000e-02 5.61000000e-02 4.44000000e-02 3.22000000e-02
4 16  3.88000000e-01 3.43000000e-01 3.08000000e-01 2.82000000e-01 2.51000000e-01 2.29000000e-01 2.10000000e-01 1.77000000e-01 1.42000000e-01 1.04000000e-01
4 17  4.39000000e-01 3.93000000e-01 3.71000000e-01 3.51000000e-01 3.10000000e-01 2.80000000e-01 2.56000000e-01 2.19000000e-01 1.77000000e-01 1.31000000e-01
4 18  1.71000000e-01 2.93000000e-01 3.99000000e-01 4.22000000e-01 3.44000000e-01 2.55000000e-01 1.76000000e-01 1.03000000e-01 6.64000000e-02 4.18000000e-02
4 19  5.12000000e-03 7.33000000e-03 6.44000000e-03 4.84000000e-03 2.94000000e-03 1.89000000e-03 1.14000000e-03 5.32000000e-04 2.86000000e-04 1.51000000e-04
4 20  1.19000000e-01 1.46000000e-01 1.61000000e-01 1.58000000e-01 1.37000000e-01 1.20000000e-01 1.06000000e-01 8.97000000e-02 7.26000000e-02 5.38000000e-02
4 21  1.27000000e-01 1.50000000e-01 1.55000000e-01 1.43000000e-01 1.16000000e-01 9.74000000e-02 8.40000000e-02 6.91000000e-02 5.57000000e-02 4.12000000e-02
4 22  1.10000000e-01 1.26000000e-01 1.36000000e-01 1.38000000e-01 1.26000000e-01 1.13000000e-01 1.02000000e-01 8.40000000e-02 6.68000000e-02 4.88000000e-02
4 23  4.21000000e-03 4.37000000e-03 4.24000000e-03 3.88000000e-03 2.90000000e-03 2.01000000e-03 1.24000000e-03 5.83000000e-04 3.15000000e-04 1.67000000e-04
4 24  2.70000000e-03 5.95000000e-03 7.38000000e-03 6.77000000e-03 4.57000000e-03 2.99000000e-03 1.81000000e-03 8.53000000e-04 4.66000000e-04 2.51000000e-04
4 25  3.13000000e-02 3.23000000e-02 2.86000000e-02 2.28000000e-02 1.45000000e-02 9.41000000e-03 5.80000000e-03 2.92000000e-03 1.72000000e-03 1.01000000e-03
4 26  2.69000000e-01 4.27000000e-01 5.24000000e-01 5.20000000e-01 4.23000000e-01 3.33000000e-01 2.66000000e-01 2.32000000e-01 2.36000000e-01 2.50000000e-01
4 27  3.10000000e-02 2.84000000e-02 2.29000000e-02 1.69000000e-02 1.07000000e-02 7.29000000e-03 4.88000000e-03 2.85000000e-03 1.89000000e-03 1.22000000e-03
4 28  0.00000000e+00 0.00000000e+00 0.00000000e+00 0.00000000e+00 0.00000000e+00 0.00000000e+00 0.00000000e+00 0.00000000e+00 0.00000000e+00 0.00000000e+00
4 29  0.00000000e+00 0.00000000e+00 0.00000000e+00 0.00000000e+00 0.00000000e+00 0.00000000e+00 0.00000000e+00 0.00000000e+00 0.00000000e+00 0.00000000e+00
4 30  0.00000000e+00 0.00000000e+00 0.00000000e+00 0.00000000e+00 0.00000000e+00 0.00000000e+00 0.00000000e+00 0.00000000e+00 0.00000000e+00 0.00000000e+00
4 31  0.00000000e+00 0.00000000e+00 0.00000000e+00 0.00000000e+00 0.00000000e+00 0.00000000e+00 0.00000000e+00 0.00000000e+00 0.00000000e+00 0.00000000e+00
4 32  0.00000000e+00 0.00000000e+00 0.00000000e+00 0.00000000e+00 0.00000000e+00 0.00000000e+00 0.00000000e+00 0.00000000e+00 0.00000000e+00 0.00000000e+00
4 33  0.00000000e+00 0.00000000e+00 0.00000000e+00 0.00000000e+00 0.00000000e+00 0.00000000e+00 0.00000000e+00 0.00000000e+00 0.00000000e+00 0.00000000e+00
4 34  0.00000000e+00 0.00000000e+00 0.00000000e+00 0.00000000e+00 0.00000000e+00 0.00000000e+00 0.00000000e+00 0.00000000e+00 0.00000000e+00 0.00000000e+00
5 6  2.28000000e-02 2.31000000e-02 2.27000000e-02 2.23000000e-02 2.17000000e-02 2.09000000e-02 1.98000000e-02 1.71000000e-02 1.39000000e-02 1.03000000e-02
5 7  1.95000000e-03 2.30000000e-03 2.34000000e-03 2.12000000e-03 1.59000000e-03 1.16000000e-03 7.71000000e-04 4.09000000e-04 2.46000000e-04 1.46000000e-04
5 8  8.22000000e-02 7.24000000e-02 6.84000000e-02 6.74000000e-02 6.59000000e-02 6.36000000e-02 6.02000000e-02 5.15000000e-02 4.11000000e-02 2.98000000e-02
5 9  1.17000000e-01 1.20000000e-01 1.18000000e-01 1.13000000e-01 9.93000000e-02 8.91000000e-02 8.00000000e-02 6.62000000e-02 5.25000000e-02 3.82000000e-02
5 10  2.84000000e-02 2.40000000e-02 2.27000000e-02 2.15000000e-02 1.91000000e-02 1.75000000e-02 1.62000000e-02 1.41000000e-02 1.14000000e-02 8.38000000e-03
5 11  1.08000000e-02 9.09000000e-03 7.88000000e-03 6.53000000e-03 5.00000000e-03 4.17000000e-03 3.55000000e-03 2.88000000e-03 2.30000000e-03 1.70000000e-03
5 12  1.33000000e-02 1.30000000e-02 1.33000000e-02 1.34000000e-02 1.28000000e-02 1.21000000e-02 1.12000000e-02 9.45000000e-03 7.58000000e-03 5.57000000e-03
5 13  4.89000000e-02 5.12000000e-02 5.15000000e-02 4.99000000e-02 4.73000000e-02 4.54000000e-02 4.30000000e-02 3.68000000e-02 2.93000000e-02 2.12000000e-02
5 14  4.05000000e-02 4.05000000e-02 3.94000000e-02 3.58000000e-02 3.04000000e-02 2.70000000e-02 2.43000000e-02 2.03000000e-02 1.63000000e-02 1.21000000e-02
5 15  2.43000000e-02 2.50000000e-02 2.28000000e-02 2.02000000e-02 1.73000000e-02 1.54000000e-02 1.37000000e-02 1.12000000e-02 8.74000000e-03 6.27000000e-03
5 16  1.41000000e-01 1.24000000e-01 1.10000000e-01 9.92000000e-02 8.79000000e-02 8.07000000e-02 7.39000000e-02 6.20000000e-02 4.94000000e-02 3.61000000e-02
5 17  1.65000000e-01 1.46000000e-01 1.38000000e-01 1.30000000e-01 1.15000000e-01 1.04000000e-01 9.51000000e-02 8.10000000e-02 6.52000000e-02 4.77000000e-02
5 18  5.73000000e-02 9.85000000e-02 1.34000000e-01 1.41000000e-01 1.15000000e-01 8.48000000e-02 5.85000000e-02 3.41000000e-02 2.19000000e-02 1.37000000e-02
5 19  1.22000000e-03 1.95000000e-03 1.72000000e-03 1.27000000e-03 7.50000000e-04 4.88000000e-04 3.03000000e-04 1.44000000e-04 7.72000000e-05 4.00000000e-05
5 20  3.84000000e-02 4.74000000e-02 5.26000000e-02 5.20000000e-02 4.53000000e-02 4.00000000e-02 3.59000000e-02 3.05000000e-02 2.49000000e-02 1.85000000e-02
5 21  4.61000000e-02 5.50000000e-02 5.70000000e-02 5.22000000e-02 4.18000000e-02 3.48000000e-02 2.98000000e-02 2.42000000e-02 1.92000000e-02 1.40000000e-02
5 22  3.36000000e-02 3.76000000e-02 4.10000000e-02 4.19000000e-02 3.88000000e-02 3.51000000e-02 3.15000000e-02 2.58000000e-02 2.02000000e-02 1.45000000e-02
5 23  1.44000000e-03 1.55000000e-03 1.50000000e-03 1.36000000e-03 1.00000000e-03 6.84000000e-04 4.17000000e-04 1.92000000e-04 1.01000000e-04 5.24000000e-05
5 24  1.15000000e-03 2.31000000e-03 2.84000000e-03 2.65000000e-03 1.86000000e-03 1.24000000e-03 7.60000000e-04 3.54000000e-04 1.89000000e-04 9.81000000e-05
5 25  1.07000000e-02 1.11000000e-02 9.85000000e-03 7.92000000e-03 5.09000000e-03 3.34000000e-03 2.07000000e-03 1.07000000e-03 6.38000000e-04 3.79000000e-04
5 26  8.81000000e-02 1.41000000e-01 1.75000000e-01 1.73000000e-01 1.39000000e-01 1.08000000e-01 8.66000000e-02 7.61000000e-02 7.79000000e-02 8.30000000e-02
5 27  1.11000000e-02 9.43000000e-03 7.56000000e-03 5.65000000e-03 3.64000000e-03 2.53000000e-03 1.73000000e-03 1.03000000e-03 6.82000000e-04 4.39000000e-04
5 28  0.00000000e+00 0.00000000e+00 0.00000000e+00 0.00000000e+00 0.00000000e+00 0.00000000e+00 0.00000000e+00 0.00000000e+00 0.00000000e+00 0.00000000e+00
5 29  0.00000000e+00 0.00000000e+00 0.00000000e+00 0.00000000e+00 0.00000000e+00 0.00000000e+00 0.00000000e+00 0.00000000e+00 0.00000000e+00 0.00000000e+00
5 30  0.00000000e+00 0.00000000e+00 0.00000000e+00 0.00000000e+00 0.00000000e+00 0.00000000e+00 0.00000000e+00 0.00000000e+00 0.00000000e+00 0.00000000e+00
5 31  0.00000000e+00 0.00000000e+00 0.00000000e+00 0.00000000e+00 0.00000000e+00 0.00000000e+00 0.00000000e+00 0.00000000e+00 0.00000000e+00 0.00000000e+00
5 32  0.00000000e+00 0.00000000e+00 0.00000000e+00 0.00000000e+00 0.00000000e+00 0.00000000e+00 0.00000000e+00 0.00000000e+00 0.00000000e+00 0.00000000e+00
5 33  0.00000000e+00 0.00000000e+00 0.00000000e+00 0.00000000e+00 0.00000000e+00 0.00000000e+00 0.00000000e+00 0.00000000e+00 0.00000000e+00 0.00000000e+00
5 34  0.00000000e+00 0.00000000e+00 0.00000000e+00 0.00000000e+00 0.00000000e+00 0.00000000e+00 0.00000000e+00 0.00000000e+00 0.00000000e+00 0.00000000e+00
6 7  3.69000000e-01 3.82000000e-01 3.94000000e-01 4.03000000e-01 3.65000000e-01 3.16000000e-01 2.67000000e-01 2.05000000e-01 1.62000000e-01 1.27000000e-01
6 8  2.90000000e-01 2.92000000e-01 2.83000000e-01 2.70000000e-01 2.33000000e-01 1.98000000e-01 1.66000000e-01 1.26000000e-01 9.89000000e-02 7.50000000e-02
6 9  3.22000000e-01 2.99000000e-01 2.74000000e-01 2.41000000e-01 1.83000000e-01 1.42000000e-01 1.10000000e-01 7.91000000e-02 6.14000000e-02 4.73000000e-02
6 10  2.46000000e-01 2.31000000e-01 2.18000000e-01 2.03000000e-01 1.85000000e-01 1.76000000e-01 1.74000000e-01 1.85000000e-01 1.98000000e-01 2.11000000e-01
6 11  9.13000000e-02 8.82000000e-02 8.43000000e-02 7.98000000e-02 7.46000000e-02 7.24000000e-02 7.37000000e-02 8.16000000e-02 8.99000000e-02 9.78000000e-02
6 12  3.02000000e-01 2.90000000e-01 2.74000000e-01 2.41000000e-01 1.94000000e-01 1.67000000e-01 1.50000000e-01 1.44000000e-01 1.46000000e-01 1.50000000e-01
6 13  1.29000000e-01 1.50000000e-01 1.50000000e-01 1.33000000e-01 1.03000000e-01 8.39000000e-02 6.92000000e-02 5.71000000e-02 5.12000000e-02 4.68000000e-02
6 14  7.53000000e-02 8.22000000e-02 8.09000000e-02 7.15000000e-02 5.52000000e-02 4.37000000e-02 3.41000000e-02 2.50000000e-02 1.97000000e-02 1.54000000e-02
6 15  6.75000000e-01 6.52000000e-01 6.03000000e-01 5.31000000e-01 4.18000000e-01 3.42000000e-01 2.80000000e-01 2.09000000e-01 1.61000000e-01 1.19000000e-01
6 16  5.18000000e-01 4.81000000e-01 4.22000000e-01 3.54000000e-01 2.62000000e-01 2.04000000e-01 1.58000000e-01 1.12000000e-01 8.56000000e-02 6.45000000e-02
6 17  3.62000000e-01 3.20000000e-01 2.73000000e-01 2.24000000e-01 1.60000000e-01 1.20000000e-01 8.98000000e-02 6.13000000e-02 4.54000000e-02 3.33000000e-02
6 18  9.24000000e-03 2.06000000e-02 2.44000000e-02 2.33000000e-02 1.84000000e-02 1.31000000e-02 8.11000000e-03 3.76000000e-03 1.98000000e-03 1.02000000e-03
6 19  3.95000000e-02 4.05000000e-02 3.67000000e-02 3.08000000e-02 2.13000000e-02 1.47000000e-02 9.28000000e-03 4.63000000e-03 2.65000000e-03 1.51000000e-03
6 20  2.69000000e-01 3.45000000e-01 3.68000000e-01 3.54000000e-01 2.95000000e-01 2.46000000e-01 2.05000000e-01 1.64000000e-01 1.35000000e-01 1.10000000e-01
6 21  1.53000000e-01 1.93000000e-01 2.04000000e-01 1.98000000e-01 1.66000000e-01 1.40000000e-01 1.17000000e-01 9.13000000e-02 7.24000000e-02 5.50000000e-02
6 22  3.35000000e-01 4.51000000e-01 4.82000000e-01 4.60000000e-01 3.73000000e-01 3.01000000e-01 2.44000000e-01 1.90000000e-01 1.58000000e-01 1.31000000e-01
6 23  1.27000000e+00 1.08000000e+00 8.97000000e-01 7.36000000e-01 6.12000000e-01 5.64000000e-01 5.24000000e-01 4.41000000e-01 3.48000000e-01 2.51000000e-01
6 24  1.02000000e-01 1.35000000e-01 1.58000000e-01 1.57000000e-01 1.34000000e-01 1.17000000e-01 1.05000000e-01 8.90000000e-02 7.23000000e-02 5.36000000e-02
6 25  5.47000000e-01 5.62000000e-01 5.38000000e-01 5.01000000e-01 4.47000000e-01 4.08000000e-01 3.75000000e-01 3.24000000e-01 2.64000000e-01 1.95000000e-01
6 26  1.60000000e-01 1.61000000e-01 1.53000000e-01 1.31000000e-01 9.06000000e-02 6.01000000e-02 3.60000000e-02 1.65000000e-02 8.82000000e-03 4.68000000e-03
6 27  5.93000000e-01 5.71000000e-01 5.33000000e-01 4.86000000e-01 4.21000000e-01 3.82000000e-01 3.51000000e-01 3.00000000e-01 2.42000000e-01 1.78000000e-01
6 28  0.00000000e+00 0.00000000e+00 0.00000000e+00 0.00000000e+00 0.00000000e+00 0.00000000e+00 0.00000000e+00 0.00000000e+00 0.00000000e+00 0.00000000e+00
6 29  0.00000000e+00 0.00000000e+00 0.00000000e+00 0.00000000e+00 0.00000000e+00 0.00000000e+00 0.00000000e+00 0.00000000e+00 0.00000000e+00 0.00000000e+00
6 30  0.00000000e+00 0.00000000e+00 0.00000000e+00 0.00000000e+00 0.00000000e+00 0.00000000e+00 0.00000000e+00 0.00000000e+00 0.00000000e+00 0.00000000e+00
6 31  0.00000000e+00 0.00000000e+00 0.00000000e+00 0.00000000e+00 0.00000000e+00 0.00000000e+00 0.00000000e+00 0.00000000e+00 0.00000000e+00 0.00000000e+00
6 32  0.00000000e+00 0.00000000e+00 0.00000000e+00 0.00000000e+00 0.00000000e+00 0.00000000e+00 0.00000000e+00 0.00000000e+00 0.00000000e+00 0.00000000e+00
6 33  0.00000000e+00 0.00000000e+00 0.00000000e+00 0.00000000e+00 0.00000000e+00 0.00000000e+00 0.00000000e+00 0.00000000e+00 0.00000000e+00 0.00000000e+00
6 34  0.00000000e+00 0.00000000e+00 0.00000000e+00 0.00000000e+00 0.00000000e+00 0.00000000e+00 0.00000000e+00 0.00000000e+00 0.00000000e+00 0.00000000e+00
7 8  3.11000000e+00 3.16000000e+00 3.10000000e+00 2.85000000e+00 2.31000000e+00 1.86000000e+00 1.50000000e+00 1.15000000e+00 9.08000000e-01 6.79000000e-01
7 9  7.11000000e-01 6.96000000e-01 6.49000000e-01 5.74000000e-01 4.38000000e-01 3.37000000e-01 2.56000000e-01 1.80000000e-01 1.36000000e-01 1.02000000e-01
7 10  5.58000000e-02 5.13000000e-02 5.28000000e-02 5.28000000e-02 4.85000000e-02 4.40000000e-02 3.93000000e-02 3.17000000e-02 2.46000000e-02 1.75000000e-02
7 11  1.98000000e-03 1.86000000e-03 1.73000000e-03 1.58000000e-03 1.43000000e-03 1.23000000e-03 9.29000000e-04 5.97000000e-04 4.17000000e-04 2.81000000e-04
7 12  1.42000000e+00 1.43000000e+00 1.41000000e+00 1.33000000e+00 1.18000000e+00 1.10000000e+00 1.06000000e+00 1.09000000e+00 1.14000000e+00 1.20000000e+00
7 13  3.09000000e-01 3.26000000e-01 3.32000000e-01 3.10000000e-01 2.65000000e-01 2.34000000e-01 2.05000000e-01 1.65000000e-01 1.30000000e-01 9.55000000e-02
7 14  4.69000000e-02 4.78000000e-02 4.86000000e-02 4.50000000e-02 3.81000000e-02 3.33000000e-02 2.86000000e-02 2.22000000e-02 1.71000000e-02 1.23000000e-02
7 15  3.19000000e+00 3.80000000e+00 3.95000000e+00 3.86000000e+00 3.32000000e+00 2.81000000e+00 2.38000000e+00 1.99000000e+00 1.76000000e+00 1.56000000e+00
7 16  1.40000000e+00 1.48000000e+00 1.43000000e+00 1.33000000e+00 1.13000000e+00 9.80000000e-01 8.51000000e-01 6.95000000e-01 5.67000000e-01 4.42000000e-01
7 17  3.51000000e-01 3.57000000e-01 3.44000000e-01 3.28000000e-01 2.96000000e-01 2.70000000e-01 2.43000000e-01 2.00000000e-01 1.57000000e-01 1.14000000e-01
7 18  2.59000000e-03 3.66000000e-03 4.55000000e-03 5.24000000e-03 5.12000000e-03 4.01000000e-03 2.64000000e-03 1.27000000e-03 6.77000000e-04 3.50000000e-04
7 19  2.90000000e+00 2.91000000e+00 2.95000000e+00 2.92000000e+00 2.65000000e+00 2.36000000e+00 2.10000000e+00 1.71000000e+00 1.34000000e+00 9.68000000e-01
7 20  9.93000000e-02 1.28000000e-01 1.40000000e-01 1.35000000e-01 1.12000000e-01 9.28000000e-02 7.53000000e-02 5.54000000e-02 4.19000000e-02 3.02000000e-02
7 21  1.53000000e-02 2.15000000e-02 2.44000000e-02 2.40000000e-02 1.97000000e-02 1.58000000e-02 1.22000000e-02 8.44000000e-03 6.09000000e-03 4.16000000e-03
7 22  3.16000000e-01 4.69000000e-01 5.86000000e-01 5.98000000e-01 5.03000000e-01 4.19000000e-01 3.46000000e-01 2.60000000e-01 1.99000000e-01 1.44000000e-01
7 23  7.20000000e-01 7.13000000e-01 6.60000000e-01 5.92000000e-01 5.29000000e-01 4.95000000e-01 4.60000000e-01 3.91000000e-01 3.14000000e-01 2.31000000e-01
7 24  3.52000000e-03 3.40000000e-03 3.43000000e-03 3.19000000e-03 2.55000000e-03 1.98000000e-03 1.36000000e-03 7.05000000e-04 4.03000000e-04 2.24000000e-04
7 25  2.12000000e-01 2.41000000e-01 2.53000000e-01 2.47000000e-01 2.19000000e-01 1.94000000e-01 1.70000000e-01 1.35000000e-01 1.04000000e-01 7.45000000e-02
7 26  4.87000000e-02 5.19000000e-02 4.67000000e-02 3.82000000e-02 2.62000000e-02 1.77000000e-02 1.09000000e-02 5.36000000e-03 3.07000000e-03 1.74000000e-03
7 27  8.12000000e-01 7.92000000e-01 7.04000000e-01 6.14000000e-01 5.19000000e-01 4.63000000e-01 4.16000000e-01 3.47000000e-01 2.77000000e-01 2.02000000e-01
7 28  0.00000000e+00 0.00000000e+00 0.00000000e+00 0.00000000e+00 0.00000000e+00 0.00000000e+00 0.00000000e+00 0.00000000e+00 0.00000000e+00 0.00000000e+00
7 29  0.00000000e+00 0.00000000e+00 0.00000000e+00 0.00000000e+00 0.00000000e+00 0.00000000e+00 0.00000000e+00 0.00000000e+00 0.00000000e+00 0.00000000e+00
7 30  0.00000000e+00 0.00000000e+00 0.00000000e+00 0.00000000e+00 0.00000000e+00 0.00000000e+00 0.00000000e+00 0.00000000e+00 0.00000000e+00 0.00000000e+00
7 31  0.00000000e+00 0.00000000e+00 0.00000000e+00 0.00000000e+00 0.00000000e+00 0.00000000e+00 0.00000000e+00 0.00000000e+00 0.00000000e+00 0.00000000e+00
7 32  0.00000000e+00 0.00000000e+00 0.00000000e+00 0.00000000e+00 0.00000000e+00 0.00000000e+00 0.00000000e+00 0.00000000e+00 0.00000000e+00 0.00000000e+00
7 33  0.00000000e+00 0.00000000e+00 0.00000000e+00 0.00000000e+00 0.00000000e+00 0.00000000e+00 0.00000000e+00 0.00000000e+00 0.00000000e+00 0.00000000e+00
7 34  0.00000000e+00 0.00000000e+00 0.00000000e+00 0.00000000e+00 0.00000000e+00 0.00000000e+00 0.00000000e+00 0.00000000e+00 0.00000000e+00 0.00000000e+00
8 9  2.44000000e+00 2.61000000e+00 2.60000000e+00 2.36000000e+00 1.88000000e+00 1.53000000e+00 1.25000000e+00 9.78000000e-01 7.75000000e-01 5.78000000e-01
8 10  9.17000000e-02 9.10000000e-02 9.22000000e-02 8.88000000e-02 7.97000000e-02 7.09000000e-02 6.09000000e-02 4.74000000e-02 3.80000000e-02 3.02000000e-02
8 11  3.39000000e-02 3.43000000e-02 3.66000000e-02 3.72000000e-02 3.47000000e-02 3.20000000e-02 2.90000000e-02 2.38000000e-02 1.85000000e-02 1.32000000e-02
8 12  4.35000000e-01 4.50000000e-01 4.54000000e-01 4.25000000e-01 3.67000000e-01 3.27000000e-01 2.90000000e-01 2.41000000e-01 2.01000000e-01 1.62000000e-01
8 13  6.42000000e-01 6.72000000e-01 6.82000000e-01 6.62000000e-01 6.14000000e-01 5.93000000e-01 6.00000000e-01 6.70000000e-01 7.55000000e-01 8.41000000e-01
8 14  3.24000000e-01 3.17000000e-01 3.13000000e-01 2.89000000e-01 2.51000000e-01 2.27000000e-01 2.04000000e-01 1.67000000e-01 1.33000000e-01 9.79000000e-02
8 15  1.31000000e+00 1.56000000e+00 1.59000000e+00 1.51000000e+00 1.30000000e+00 1.12000000e+00 9.63000000e-01 7.84000000e-01 6.44000000e-01 5.09000000e-01
8 16  1.79000000e+00 2.05000000e+00 2.04000000e+00 1.89000000e+00 1.56000000e+00 1.32000000e+00 1.14000000e+00 9.92000000e-01 9.15000000e-01 8.56000000e-01
8 17  1.13000000e+00 1.21000000e+00 1.16000000e+00 1.06000000e+00 8.90000000e-01 7.70000000e-01 6.72000000e-01 5.54000000e-01 4.56000000e-01 3.59000000e-01
8 18  2.37000000e-03 4.49000000e-03 5.70000000e-03 6.46000000e-03 6.20000000e-03 4.76000000e-03 3.08000000e-03 1.47000000e-03 7.80000000e-04 4.02000000e-04
8 19  2.23000000e+00 2.23000000e+00 2.26000000e+00 2.25000000e+00 2.08000000e+00 1.89000000e+00 1.71000000e+00 1.41000000e+00 1.12000000e+00 8.09000000e-01
8 20  1.64000000e-01 2.38000000e-01 3.05000000e-01 3.18000000e-01 2.74000000e-01 2.32000000e-01 1.96000000e-01 1.50000000e-01 1.16000000e-01 8.44000000e-02
8 21  6.68000000e-02 8.97000000e-02 1.00000000e-01 9.65000000e-02 7.86000000e-02 6.35000000e-02 5.00000000e-02 3.55000000e-02 2.66000000e-02 1.95000000e-02
8 22  1.55000000e-01 2.30000000e-01 2.73000000e-01 2.73000000e-01 2.30000000e-01 1.90000000e-01 1.55000000e-01 1.16000000e-01 9.20000000e-02 7.17000000e-02
8 23  6.52000000e-01 6.41000000e-01 5.91000000e-01 5.29000000e-01 4.68000000e-01 4.35000000e-01 4.02000000e-01 3.41000000e-01 2.73000000e-01 2.01000000e-01
8 24  8.56000000e-03 1.08000000e-02 1.16000000e-02 1.08000000e-02 7.77000000e-03 5.43000000e-03 3.47000000e-03 1.72000000e-03 9.64000000e-04 5.29000000e-04
8 25  2.11000000e-01 2.45000000e-01 2.59000000e-01 2.47000000e-01 2.10000000e-01 1.81000000e-01 1.54000000e-01 1.20000000e-01 9.23000000e-02 6.56000000e-02
8 26  6.45000000e-02 6.39000000e-02 5.69000000e-02 4.61000000e-02 3.06000000e-02 2.01000000e-02 1.21000000e-02 5.79000000e-03 3.24000000e-03 1.80000000e-03
8 27  6.84000000e-01 6.79000000e-01 6.09000000e-01 5.31000000e-01 4.44000000e-01 3.90000000e-01 3.47000000e-01 2.87000000e-01 2.29000000e-01 1.70000000e-01
8 28  0.00000000e+00 0.00000000e+00 0.00000000e+00 0.00000000e+00 0.00000000e+00 0.00000000e+00 0.00000000e+00 0.00000000e+00 0.00000000e+00 0.00000000e+00
8 29  0.00000000e+00 0.00000000e+00 0.00000000e+00 0.00000000e+00 0.00000000e+00 0.00000000e+00 0.00000000e+00 0.00000000e+00 0.00000000e+00 0.00000000e+00
8 30  0.00000000e+00 0.00000000e+00 0.00000000e+00 0.00000000e+00 0.00000000e+00 0.00000000e+00 0.00000000e+00 0.00000000e+00 0.00000000e+00 0.00000000e+00
8 31  0.00000000e+00 0.00000000e+00 0.00000000e+00 0.00000000e+00 0.00000000e+00 0.00000000e+00 0.00000000e+00 0.00000000e+00 0.00000000e+00 0.00000000e+00
8 32  0.00000000e+00 0.00000000e+00 0.00000000e+00 0.00000000e+00 0.00000000e+00 0.00000000e+00 0.00000000e+00 0.00000000e+00 0.00000000e+00 0.00000000e+00
8 33  0.00000000e+00 0.00000000e+00 0.00000000e+00 0.00000000e+00 0.00000000e+00 0.00000000e+00 0.00000000e+00 0.00000000e+00 0.00000000e+00 0.00000000e+00
8 34  0.00000000e+00 0.00000000e+00 0.00000000e+00 0.00000000e+00 0.00000000e+00 0.00000000e+00 0.00000000e+00 0.00000000e+00 0.00000000e+00 0.00000000e+00
9 10  1.33000000e-01 1.30000000e-01 1.32000000e-01 1.29000000e-01 1.19000000e-01 1.09000000e-01 9.68000000e-02 7.85000000e-02 6.32000000e-02 4.90000000e-02
9 11  3.08000000e-02 3.22000000e-02 3.34000000e-02 3.18000000e-02 2.70000000e-02 2.27000000e-02 1.84000000e-02 1.33000000e-02 1.01000000e-02 7.59000000e-03
9 12  2.26000000e-01 2.36000000e-01 2.36000000e-01 2.20000000e-01 1.88000000e-01 1.65000000e-01 1.48000000e-01 1.34000000e-01 1.28000000e-01 1.25000000e-01
9 13  3.50000000e-01 3.70000000e-01 3.80000000e-01 3.58000000e-01 3.12000000e-01 2.81000000e-01 2.51000000e-01 2.08000000e-01 1.67000000e-01 1.27000000e-01
9 14  5.99000000e-01 5.99000000e-01 5.97000000e-01 5.73000000e-01 5.29000000e-01 5.09000000e-01 5.08000000e-01 5.48000000e-01 5.99000000e-01 6.51000000e-01
9 15  6.18000000e-01 6.73000000e-01 6.76000000e-01 6.43000000e-01 5.50000000e-01 4.74000000e-01 4.10000000e-01 3.32000000e-01 2.70000000e-01 2.10000000e-01
9 16  1.01000000e+00 1.20000000e+00 1.19000000e+00 1.10000000e+00 9.02000000e-01 7.59000000e-01 6.43000000e-01 5.16000000e-01 4.18000000e-01 3.25000000e-01
9 17  1.80000000e+00 1.99000000e+00 1.93000000e+00 1.74000000e+00 1.43000000e+00 1.22000000e+00 1.07000000e+00 9.34000000e-01 8.53000000e-01 7.82000000e-01
9 18  2.47000000e-03 5.69000000e-03 7.38000000e-03 8.88000000e-03 8.95000000e-03 6.83000000e-03 4.35000000e-03 2.04000000e-03 1.08000000e-03 5.56000000e-04
9 19  1.63000000e+00 1.66000000e+00 1.67000000e+00 1.66000000e+00 1.55000000e+00 1.42000000e+00 1.29000000e+00 1.07000000e+00 8.50000000e-01 6.16000000e-01
9 20  1.36000000e-01 1.95000000e-01 2.30000000e-01 2.30000000e-01 1.88000000e-01 1.50000000e-01 1.19000000e-01 8.57000000e-02 6.50000000e-02 4.75000000e-02
9 21  1.37000000e-01 1.95000000e-01 2.45000000e-01 2.55000000e-01 2.19000000e-01 1.87000000e-01 1.58000000e-01 1.22000000e-01 9.42000000e-02 6.91000000e-02
9 22  1.89000000e-01 2.32000000e-01 2.52000000e-01 2.51000000e-01 2.24000000e-01 1.97000000e-01 1.76000000e-01 1.56000000e-01 1.43000000e-01 1.31000000e-01
9 23  5.33000000e-01 5.45000000e-01 5.11000000e-01 4.55000000e-01 3.89000000e-01 3.52000000e-01 3.20000000e-01 2.68000000e-01 2.14000000e-01 1.57000000e-01
9 24  1.79000000e-02 2.42000000e-02 2.75000000e-02 2.67000000e-02 2.05000000e-02 1.54000000e-02 1.11000000e-02 6.90000000e-03 4.68000000e-03 3.06000000e-03
9 25  2.95000000e-01 3.34000000e-01 3.36000000e-01 3.09000000e-01 2.56000000e-01 2.19000000e-01 1.88000000e-01 1.49000000e-01 1.15000000e-01 8.30000000e-02
9 26  9.09000000e-02 8.47000000e-02 7.40000000e-02 5.94000000e-02 3.88000000e-02 2.50000000e-02 1.48000000e-02 6.90000000e-03 3.78000000e-03 2.05000000e-03
9 27  5.51000000e-01 5.45000000e-01 5.00000000e-01 4.41000000e-01 3.66000000e-01 3.17000000e-01 2.77000000e-01 2.26000000e-01 1.78000000e-01 1.30000000e-01
9 28  0.00000000e+00 0.00000000e+00 0.00000000e+00 0.00000000e+00 0.00000000e+00 0.00000000e+00 0.00000000e+00 0.00000000e+00 0.00000000e+00 0.00000000e+00
9 29  0.00000000e+00 0.00000000e+00 0.00000000e+00 0.00000000e+00 0.00000000e+00 0.00000000e+00 0.00000000e+00 0.00000000e+00 0.00000000e+00 0.00000000e+00
9 30  0.00000000e+00 0.00000000e+00 0.00000000e+00 0.00000000e+00 0.00000000e+00 0.00000000e+00 0.00000000e+00 0.00000000e+00 0.00000000e+00 0.00000000e+00
9 31  0.00000000e+00 0.00000000e+00 0.00000000e+00 0.00000000e+00 0.00000000e+00 0.00000000e+00 0.00000000e+00 0.00000000e+00 0.00000000e+00 0.00000000e+00
9 32  0.00000000e+00 0.00000000e+00 0.00000000e+00 0.00000000e+00 0.00000000e+00 0.00000000e+00 0.00000000e+00 0.00000000e+00 0.00000000e+00 0.00000000e+00
9 33  0.00000000e+00 0.00000000e+00 0.00000000e+00 0.00000000e+00 0.00000000e+00 0.00000000e+00 0.00000000e+00 0.00000000e+00 0.00000000e+00 0.00000000e+00
9 34  0.00000000e+00 0.00000000e+00 0.00000000e+00 0.00000000e+00 0.00000000e+00 0.00000000e+00 0.00000000e+00 0.00000000e+00 0.00000000e+00 0.00000000e+00
10 11  4.26000000e-02 3.68000000e-02 3.35000000e-02 2.87000000e-02 2.13000000e-02 1.62000000e-02 1.21000000e-02 8.17000000e-03 5.87000000e-03 4.01000000e-03
10 12  3.88000000e-01 3.52000000e-01 3.40000000e-01 3.19000000e-01 2.87000000e-01 2.63000000e-01 2.38000000e-01 1.95000000e-01 1.54000000e-01 1.13000000e-01
10 13  4.52000000e-01 4.56000000e-01 4.67000000e-01 4.57000000e-01 4.20000000e-01 3.94000000e-01 3.85000000e-01 4.08000000e-01 4.45000000e-01 4.82000000e-01
10 14  3.65000000e-01 3.49000000e-01 3.62000000e-01 3.56000000e-01 3.22000000e-01 2.97000000e-01 2.84000000e-01 2.84000000e-01 2.89000000e-01 2.94000000e-01
10 15  3.20000000e-01 3.04000000e-01 2.76000000e-01 2.39000000e-01 1.79000000e-01 1.40000000e-01 1.10000000e-01 7.89000000e-02 6.20000000e-02 4.98000000e-02
10 16  2.94000000e-01 2.82000000e-01 2.64000000e-01 2.37000000e-01 1.88000000e-01 1.54000000e-01 1.25000000e-01 9.31000000e-02 7.02000000e-02 4.96000000e-02
10 17  4.42000000e-01 3.84000000e-01 3.33000000e-01 2.82000000e-01 2.13000000e-01 1.71000000e-01 1.37000000e-01 1.01000000e-01 7.87000000e-02 6.14000000e-02
10 18  5.25000000e-03 1.33000000e-02 1.54000000e-02 1.42000000e-02 1.09000000e-02 7.63000000e-03 4.70000000e-03 2.17000000e-03 1.14000000e-03 5.89000000e-04
10 19  1.86000000e-02 1.88000000e-02 1.68000000e-02 1.41000000e-02 9.89000000e-03 6.96000000e-03 4.50000000e-03 2.30000000e-03 1.34000000e-03 7.72000000e-04
10 20  1.29000000e-01 1.84000000e-01 2.05000000e-01 1.99000000e-01 1.59000000e-01 1.25000000e-01 9.67000000e-02 6.84000000e-02 5.12000000e-02 3.69000000e-02
10 21  1.06000000e-01 1.46000000e-01 1.59000000e-01 1.52000000e-01 1.20000000e-01 9.57000000e-02 7.66000000e-02 6.07000000e-02 5.27000000e-02 4.64000000e-02
10 22  2.16000000e-01 2.87000000e-01 3.05000000e-01 2.90000000e-01 2.36000000e-01 1.96000000e-01 1.64000000e-01 1.30000000e-01 1.07000000e-01 8.51000000e-02
10 23  6.84000000e-01 5.86000000e-01 4.88000000e-01 4.04000000e-01 3.40000000e-01 3.15000000e-01 2.94000000e-01 2.48000000e-01 1.95000000e-01 1.41000000e-01
10 24  7.24000000e-02 9.97000000e-02 1.20000000e-01 1.20000000e-01 1.03000000e-01 9.03000000e-02 8.03000000e-02 6.71000000e-02 5.39000000e-02 3.95000000e-02
10 25  3.69000000e-01 3.68000000e-01 3.47000000e-01 3.24000000e-01 2.89000000e-01 2.63000000e-01 2.41000000e-01 2.07000000e-01 1.68000000e-01 1.24000000e-01
10 26  9.96000000e-02 1.01000000e-01 9.42000000e-02 7.93000000e-02 5.31000000e-02 3.44000000e-02 2.02000000e-02 9.13000000e-03 4.84000000e-03 2.55000000e-03
10 27  3.46000000e-01 3.52000000e-01 3.30000000e-01 2.98000000e-01 2.55000000e-01 2.30000000e-01 2.10000000e-01 1.78000000e-01 1.44000000e-01 1.06000000e-01
10 28  0.00000000e+00 0.00000000e+00 0.00000000e+00 0.00000000e+00 0.00000000e+00 0.00000000e+00 0.00000000e+00 0.00000000e+00 0.00000000e+00 0.00000000e+00
10 29  0.00000000e+00 0.00000000e+00 0.00000000e+00 0.00000000e+00 0.00000000e+00 0.00000000e+00 0.00000000e+00 0.00000000e+00 0.00000000e+00 0.00000000e+00
10 30  0.00000000e+00 0.00000000e+00 0.00000000e+00 0.00000000e+00 0.00000000e+00 0.00000000e+00 0.00000000e+00 0.00000000e+00 0.00000000e+00 0.00000000e+00
10 31  0.00000000e+00 0.00000000e+00 0.00000000e+00 0.00000000e+00 0.00000000e+00 0.00000000e+00 0.00000000e+00 0.00000000e+00 0.00000000e+00 0.00000000e+00
10 32  0.00000000e+00 0.00000000e+00 0.00000000e+00 0.00000000e+00 0.00000000e+00 0.00000000e+00 0.00000000e+00 0.00000000e+00 0.00000000e+00 0.00000000e+00
10 33  0.00000000e+00 0.00000000e+00 0.00000000e+00 0.00000000e+00 0.00000000e+00 0.00000000e+00 0.00000000e+00 0.00000000e+00 0.00000000e+00 0.00000000e+00
10 34  0.00000000e+00 0.00000000e+00 0.00000000e+00 0.00000000e+00 0.00000000e+00 0.00000000e+00 0.00000000e+00 0.00000000e+00 0.00000000e+00 0.00000000e+00
11 12  1.33000000e-01 1.14000000e-01 1.01000000e-01 8.93000000e-02 8.09000000e-02 7.49000000e-02 6.76000000e-02 5.49000000e-02 4.34000000e-02 3.24000000e-02
11 13  9.92000000e-02 9.63000000e-02 1.04000000e-01 1.04000000e-01 9.12000000e-02 8.12000000e-02 7.26000000e-02 5.96000000e-02 4.68000000e-02 3.36000000e-02
11 14  1.72000000e-01 1.74000000e-01 1.82000000e-01 1.82000000e-01 1.69000000e-01 1.60000000e-01 1.60000000e-01 1.80000000e-01 2.04000000e-01 2.29000000e-01
11 15  5.83000000e-02 4.87000000e-02 4.27000000e-02 3.68000000e-02 2.74000000e-02 2.10000000e-02 1.60000000e-02 1.12000000e-02 8.11000000e-03 5.56000000e-03
11 16  1.82000000e-01 1.73000000e-01 1.53000000e-01 1.31000000e-01 9.91000000e-02 7.96000000e-02 6.39000000e-02 4.74000000e-02 3.84000000e-02 3.22000000e-02
11 17  1.41000000e-01 1.18000000e-01 1.06000000e-01 9.33000000e-02 7.39000000e-02 6.07000000e-02 4.99000000e-02 3.74000000e-02 2.82000000e-02 1.98000000e-02
11 18  1.80000000e-03 4.64000000e-03 5.45000000e-03 5.06000000e-03 3.88000000e-03 2.73000000e-03 1.70000000e-03 7.94000000e-04 4.21000000e-04 2.17000000e-04
11 19  4.83000000e-03 5.21000000e-03 4.59000000e-03 3.77000000e-03 2.68000000e-03 1.96000000e-03 1.32000000e-03 7.01000000e-04 4.17000000e-04 2.43000000e-04
11 20  6.15000000e-02 7.81000000e-02 8.43000000e-02 8.10000000e-02 6.56000000e-02 5.34000000e-02 4.44000000e-02 3.73000000e-02 3.36000000e-02 3.05000000e-02
11 21  2.35000000e-02 3.82000000e-02 4.46000000e-02 4.37000000e-02 3.41000000e-02 2.56000000e-02 1.84000000e-02 1.17000000e-02 8.13000000e-03 5.42000000e-03
11 22  5.53000000e-02 7.61000000e-02 8.50000000e-02 8.50000000e-02 7.24000000e-02 6.08000000e-02 5.07000000e-02 3.84000000e-02 2.91000000e-02 2.04000000e-02
11 23  2.11000000e-01 1.84000000e-01 1.54000000e-01 1.29000000e-01 1.09000000e-01 1.02000000e-01 9.48000000e-02 7.99000000e-02 6.30000000e-02 4.54000000e-02
11 24  2.88000000e-02 4.27000000e-02 5.19000000e-02 5.19000000e-02 4.45000000e-02 3.89000000e-02 3.36000000e-02 2.66000000e-02 2.08000000e-02 1.50000000e-02
11 25  1.33000000e-01 1.25000000e-01 1.17000000e-01 1.09000000e-01 9.76000000e-02 8.88000000e-02 8.11000000e-02 6.94000000e-02 5.64000000e-02 4.18000000e-02
11 26  3.82000000e-02 3.59000000e-02 3.24000000e-02 2.66000000e-02 1.75000000e-02 1.12000000e-02 6.53000000e-03 2.94000000e-03 1.56000000e-03 8.21000000e-04
11 27  1.18000000e-01 1.24000000e-01 1.15000000e-01 1.02000000e-01 8.62000000e-02 7.71000000e-02 7.00000000e-02 5.87000000e-02 4.67000000e-02 3.39000000e-02
11 28  0.00000000e+00 0.00000000e+00 0.00000000e+00 0.00000000e+00 0.00000000e+00 0.00000000e+00 0.00000000e+00 0.00000000e+00 0.00000000e+00 0.00000000e+00
11 29  0.00000000e+00 0.00000000e+00 0.00000000e+00 0.00000000e+00 0.00000000e+00 0.00000000e+00 0.00000000e+00 0.00000000e+00 0.00000000e+00 0.00000000e+00
11 30  0.00000000e+00 0.00000000e+00 0.00000000e+00 0.00000000e+00 0.00000000e+00 0.00000000e+00 0.00000000e+00 0.00000000e+00 0.00000000e+00 0.00000000e+00
11 31  0.00000000e+00 0.00000000e+00 0.00000000e+00 0.00000000e+00 0.00000000e+00 0.00000000e+00 0.00000000e+00 0.00000000e+00 0.00000000e+00 0.00000000e+00
11 32  0.00000000e+00 0.00000000e+00 0.00000000e+00 0.00000000e+00 0.00000000e+00 0.00000000e+00 0.00000000e+00 0.00000000e+00 0.00000000e+00 0.00000000e+00
11 33  0.00000000e+00 0.00000000e+00 0.00000000e+00 0.00000000e+00 0.00000000e+00 0.00000000e+00 0.00000000e+00 0.00000000e+00 0.00000000e+00 0.00000000e+00
11 34  0.00000000e+00 0.00000000e+00 0.00000000e+00 0.00000000e+00 0.00000000e+00 0.00000000e+00 0.00000000e+00 0.00000000e+00 0.00000000e+00 0.00000000e+00
12 13  3.30000000e-01 3.38000000e-01 3.40000000e-01 3.26000000e-01 2.90000000e-01 2.61000000e-01 2.36000000e-01 2.10000000e-01 1.92000000e-01 1.75000000e-01
12 14  1.70000000e-01 1.67000000e-01 1.71000000e-01 1.65000000e-01 1.46000000e-01 1.32000000e-01 1.21000000e-01 1.10000000e-01 1.03000000e-01 9.57000000e-02
12 15  1.49000000e+00 1.57000000e+00 1.61000000e+00 1.54000000e+00 1.22000000e+00 9.62000000e-01 7.54000000e-01 5.59000000e-01 4.45000000e-01 3.50000000e-01
12 16  1.06000000e+00 1.09000000e+00 1.05000000e+00 9.71000000e-01 7.85000000e-01 6.45000000e-01 5.35000000e-01 4.22000000e-01 3.43000000e-01 2.71000000e-01
12 17  5.81000000e-01 5.82000000e-01 5.36000000e-01 4.64000000e-01 3.44000000e-01 2.64000000e-01 2.04000000e-01 1.52000000e-01 1.25000000e-01 1.04000000e-01
12 18  6.51000000e-03 1.61000000e-02 2.06000000e-02 2.19000000e-02 1.91000000e-02 1.39000000e-02 8.67000000e-03 4.02000000e-03 2.12000000e-03 1.09000000e-03
12 19  1.03000000e+00 1.02000000e+00 9.57000000e-01 9.02000000e-01 8.25000000e-01 7.53000000e-01 6.81000000e-01 5.62000000e-01 4.43000000e-01 3.21000000e-01
12 20  4.10000000e-01 4.67000000e-01 4.84000000e-01 4.73000000e-01 4.25000000e-01 3.84000000e-01 3.53000000e-01 3.23000000e-01 2.98000000e-01 2.71000000e-01
12 21  1.41000000e-01 1.55000000e-01 1.62000000e-01 1.57000000e-01 1.33000000e-01 1.12000000e-01 9.43000000e-02 7.33000000e-02 5.67000000e-02 4.07000000e-02
12 22  8.04000000e-01 9.29000000e-01 9.56000000e-01 9.27000000e-01 8.28000000e-01 7.46000000e-01 6.86000000e-01 6.37000000e-01 6.01000000e-01 5.62000000e-01
12 23  1.47000000e+00 1.32000000e+00 1.24000000e+00 1.15000000e+00 9.99000000e-01 8.89000000e-01 7.94000000e-01 6.50000000e-01 5.10000000e-01 3.67000000e-01
12 24  6.42000000e-02 6.92000000e-02 7.32000000e-02 7.23000000e-02 6.06000000e-02 4.99000000e-02 4.02000000e-02 2.92000000e-02 2.17000000e-02 1.51000000e-02
12 25  6.08000000e-01 6.38000000e-01 6.25000000e-01 5.85000000e-01 5.20000000e-01 4.74000000e-01 4.31000000e-01 3.60000000e-01 2.87000000e-01 2.09000000e-01
12 26  2.95000000e-01 2.55000000e-01 2.25000000e-01 1.81000000e-01 1.15000000e-01 7.30000000e-02 4.24000000e-02 1.91000000e-02 1.01000000e-02 5.33000000e-03
12 27  4.66000000e-01 5.46000000e-01 5.49000000e-01 5.07000000e-01 4.19000000e-01 3.56000000e-01 3.06000000e-01 2.47000000e-01 1.96000000e-01 1.44000000e-01
12 28  0.00000000e+00 0.00000000e+00 0.00000000e+00 0.00000000e+00 0.00000000e+00 0.00000000e+00 0.00000000e+00 0.00000000e+00 0.00000000e+00 0.00000000e+00
12 29  0.00000000e+00 0.00000000e+00 0.00000000e+00 0.00000000e+00 0.00000000e+00 0.00000000e+00 0.00000000e+00 0.00000000e+00 0.00000000e+00 0.00000000e+00
12 30  0.00000000e+00 0.00000000e+00 0.00000000e+00 0.00000000e+00 0.00000000e+00 0.00000000e+00 0.00000000e+00 0.00000000e+00 0.00000000e+00 0.00000000e+00
12 31  0.00000000e+00 0.00000000e+00 0.00000000e+00 0.00000000e+00 0.00000000e+00 0.00000000e+00 0.00000000e+00 0.00000000e+00 0.00000000e+00 0.00000000e+00
12 32  0.00000000e+00 0.00000000e+00 0.00000000e+00 0.00000000e+00 0.00000000e+00 0.00000000e+00 0.00000000e+00 0.00000000e+00 0.00000000e+00 0.00000000e+00
12 33  0.00000000e+00 0.00000000e+00 0.00000000e+00 0.00000000e+00 0.00000000e+00 0.00000000e+00 0.00000000e+00 0.00000000e+00 0.00000000e+00 0.00000000e+00
12 34  0.00000000e+00 0.00000000e+00 0.00000000e+00 0.00000000e+00 0.00000000e+00 0.00000000e+00 0.00000000e+00 0.00000000e+00 0.00000000e+00 0.00000000e+00
13 14  2.40000000e-01 2.38000000e-01 2.40000000e-01 2.31000000e-01 2.05000000e-01 1.83000000e-01 1.64000000e-01 1.46000000e-01 1.33000000e-01 1.22000000e-01
13 15  7.40000000e-01 7.79000000e-01 7.83000000e-01 7.41000000e-01 5.99000000e-01 4.85000000e-01 3.95000000e-01 3.04000000e-01 2.43000000e-01 1.89000000e-01
13 16  8.13000000e-01 8.37000000e-01 8.50000000e-01 7.98000000e-01 6.06000000e-01 4.56000000e-01 3.40000000e-01 2.43000000e-01 1.97000000e-01 1.65000000e-01
13 17  8.84000000e-01 8.39000000e-01 7.94000000e-01 7.23000000e-01 5.70000000e-01 4.58000000e-01 3.71000000e-01 2.85000000e-01 2.26000000e-01 1.71000000e-01
13 18  5.61000000e-03 1.34000000e-02 1.63000000e-02 1.74000000e-02 1.58000000e-02 1.17000000e-02 7.35000000e-03 3.42000000e-03 1.80000000e-03 9.26000000e-04
13 19  4.99000000e-01 5.35000000e-01 5.21000000e-01 5.13000000e-01 5.01000000e-01 4.76000000e-01 4.41000000e-01 3.70000000e-01 2.93000000e-01 2.12000000e-01
13 20  4.25000000e-01 5.01000000e-01 5.20000000e-01 4.99000000e-01 4.33000000e-01 3.84000000e-01 3.50000000e-01 3.24000000e-01 3.09000000e-01 2.95000000e-01
13 21  3.28000000e-01 3.55000000e-01 3.57000000e-01 3.43000000e-01 3.03000000e-01 2.73000000e-01 2.52000000e-01 2.34000000e-01 2.21000000e-01 2.06000000e-01
13 22  4.67000000e-01 5.58000000e-01 5.76000000e-01 5.53000000e-01 4.85000000e-01 4.28000000e-01 3.84000000e-01 3.40000000e-01 3.05000000e-01 2.70000000e-01
13 23  1.12000000e+00 1.01000000e+00 9.50000000e-01 8.82000000e-01 7.63000000e-01 6.77000000e-01 6.05000000e-01 4.98000000e-01 3.96000000e-01 2.92000000e-01
13 24  6.13000000e-02 6.74000000e-02 7.10000000e-02 6.93000000e-02 5.68000000e-02 4.57000000e-02 3.59000000e-02 2.53000000e-02 1.84000000e-02 1.26000000e-02
13 25  5.68000000e-01 6.04000000e-01 5.95000000e-01 5.58000000e-01 4.94000000e-01 4.49000000e-01 4.08000000e-01 3.41000000e-01 2.72000000e-01 1.99000000e-01
13 26  3.06000000e-01 2.58000000e-01 2.21000000e-01 1.76000000e-01 1.11000000e-01 6.98000000e-02 4.02000000e-02 1.79000000e-02 9.46000000e-03 4.94000000e-03
13 27  3.79000000e-01 4.51000000e-01 4.58000000e-01 4.24000000e-01 3.48000000e-01 2.93000000e-01 2.49000000e-01 1.99000000e-01 1.57000000e-01 1.15000000e-01
13 28  0.00000000e+00 0.00000000e+00 0.00000000e+00 0.00000000e+00 0.00000000e+00 0.00000000e+00 0.00000000e+00 0.00000000e+00 0.00000000e+00 0.00000000e+00
13 29  0.00000000e+00 0.00000000e+00 0.00000000e+00 0.00000000e+00 0.00000000e+00 0.00000000e+00 0.00000000e+00 0.00000000e+00 0.00000000e+00 0.00000000e+00
13 30  0.00000000e+00 0.00000000e+00 0.00000000e+00 0.00000000e+00 0.00000000e+00 0.00000000e+00 0.00000000e+00 0.00000000e+00 0.00000000e+00 0.00000000e+00
13 31  0.00000000e+00 0.00000000e+00 0.00000000e+00 0.00000000e+00 0.00000000e+00 0.00000000e+00 0.00000000e+00 0.00000000e+00 0.00000000e+00 0.00000000e+00
13 32  0.00000000e+00 0.00000000e+00 0.00000000e+00 0.00000000e+00 0.00000000e+00 0.00000000e+00 0.00000000e+00 0.00000000e+00 0.00000000e+00 0.00000000e+00
13 33  0.00000000e+00 0.00000000e+00 0.00000000e+00 0.00000000e+00 0.00000000e+00 0.00000000e+00 0.00000000e+00 0.00000000e+00 0.00000000e+00 0.00000000e+00
13 34  0.00000000e+00 0.00000000e+00 0.00000000e+00 0.00000000e+00 0.00000000e+00 0.00000000e+00 0.00000000e+00 0.00000000e+00 0.00000000e+00 0.00000000e+00
14 15  2.45000000e-01 2.38000000e-01 2.20000000e-01 1.93000000e-01 1.45000000e-01 1.11000000e-01 8.52000000e-02 5.95000000e-02 4.41000000e-02 3.17000000e-02
14 16  6.02000000e-01 6.31000000e-01 6.30000000e-01 5.94000000e-01 4.81000000e-01 3.91000000e-01 3.21000000e-01 2.50000000e-01 2.02000000e-01 1.58000000e-01
14 17  9.15000000e-01 8.54000000e-01 8.40000000e-01 7.88000000e-01 6.14000000e-01 4.80000000e-01 3.77000000e-01 2.86000000e-01 2.36000000e-01 1.97000000e-01
14 18  3.97000000e-03 9.15000000e-03 1.07000000e-02 1.14000000e-02 1.08000000e-02 8.14000000e-03 5.16000000e-03 2.41000000e-03 1.27000000e-03 6.55000000e-04
14 19  3.13000000e-01 3.26000000e-01 3.24000000e-01 3.31000000e-01 3.38000000e-01 3.28000000e-01 3.09000000e-01 2.62000000e-01 2.08000000e-01 1.51000000e-01
14 20  3.63000000e-01 4.24000000e-01 4.37000000e-01 4.20000000e-01 3.68000000e-01 3.28000000e-01 2.99000000e-01 2.73000000e-01 2.54000000e-01 2.34000000e-01
14 21  3.28000000e-01 3.84000000e-01 3.97000000e-01 3.80000000e-01 3.31000000e-01 2.96000000e-01 2.73000000e-01 2.61000000e-01 2.58000000e-01 2.54000000e-01
14 22  1.82000000e-01 2.26000000e-01 2.33000000e-01 2.21000000e-01 1.89000000e-01 1.63000000e-01 1.40000000e-01 1.15000000e-01 9.36000000e-02 7.26000000e-02
14 23  7.77000000e-01 7.09000000e-01 6.67000000e-01 6.16000000e-01 5.28000000e-01 4.65000000e-01 4.13000000e-01 3.37000000e-01 2.64000000e-01 1.90000000e-01
14 24  4.33000000e-02 6.08000000e-02 6.87000000e-02 6.56000000e-02 5.23000000e-02 4.22000000e-02 3.25000000e-02 2.13000000e-02 1.48000000e-02 9.78000000e-03
14 25  4.58000000e-01 4.77000000e-01 4.68000000e-01 4.37000000e-01 3.82000000e-01 3.44000000e-01 3.10000000e-01 2.57000000e-01 2.04000000e-01 1.48000000e-01
14 26  2.32000000e-01 1.90000000e-01 1.57000000e-01 1.23000000e-01 7.69000000e-02 4.83000000e-02 2.79000000e-02 1.25000000e-02 6.61000000e-03 3.45000000e-03
14 27  2.84000000e-01 3.34000000e-01 3.34000000e-01 3.07000000e-01 2.50000000e-01 2.10000000e-01 1.79000000e-01 1.43000000e-01 1.13000000e-01 8.34000000e-02
14 28  0.00000000e+00 0.00000000e+00 0.00000000e+00 0.00000000e+00 0.00000000e+00 0.00000000e+00 0.00000000e+00 0.00000000e+00 0.00000000e+00 0.00000000e+00
14 29  0.00000000e+00 0.00000000e+00 0.00000000e+00 0.00000000e+00 0.00000000e+00 0.00000000e+00 0.00000000e+00 0.00000000e+00 0.00000000e+00 0.00000000e+00
14 30  0.00000000e+00 0.00000000e+00 0.00000000e+00 0.00000000e+00 0.00000000e+00 0.00000000e+00 0.00000000e+00 0.00000000e+00 0.00000000e+00 0.00000000e+00
14 31  0.00000000e+00 0.00000000e+00 0.00000000e+00 0.00000000e+00 0.00000000e+00 0.00000000e+00 0.00000000e+00 0.00000000e+00 0.00000000e+00 0.00000000e+00
14 32  0.00000000e+00 0.00000000e+00 0.00000000e+00 0.00000000e+00 0.00000000e+00 0.00000000e+00 0.00000000e+00 0.00000000e+00 0.00000000e+00 0.00000000e+00
14 33  0.00000000e+00 0.00000000e+00 0.00000000e+00 0.00000000e+00 0.00000000e+00 0.00000000e+00 0.00000000e+00 0.00000000e+00 0.00000000e+00 0.00000000e+00
14 34  0.00000000e+00 0.00000000e+00 0.00000000e+00 0.00000000e+00 0.00000000e+00 0.00000000e+00 0.00000000e+00 0.00000000e+00 0.00000000e+00 0.00000000e+00
15 16  2.00000000e+00 1.87000000e+00 1.70000000e+00 1.52000000e+00 1.19000000e+00 9.53000000e-01 7.70000000e-01 6.03000000e-01 4.85000000e-01 3.70000000e-01
15 17  4.03000000e-01 3.68000000e-01 3.22000000e-01 2.70000000e-01 1.94000000e-01 1.45000000e-01 1.06000000e-01 7.12000000e-02 5.18000000e-02 3.68000000e-02
15 18  5.37000000e-03 8.74000000e-03 1.18000000e-02 1.41000000e-02 1.33000000e-02 9.97000000e-03 6.31000000e-03 2.95000000e-03 1.56000000e-03 8.01000000e-04
15 19  1.27000000e+00 1.36000000e+00 1.41000000e+00 1.40000000e+00 1.22000000e+00 1.05000000e+00 9.00000000e-01 7.23000000e-01 5.69000000e-01 4.13000000e-01
15 20  3.01000000e-01 3.45000000e-01 3.92000000e-01 3.97000000e-01 3.44000000e-01 2.95000000e-01 2.51000000e-01 1.96000000e-01 1.51000000e-01 1.09000000e-01
15 21  1.39000000e-01 1.47000000e-01 1.65000000e-01 1.74000000e-01 1.68000000e-01 1.57000000e-01 1.45000000e-01 1.21000000e-01 9.57000000e-02 6.93000000e-02
15 22  9.10000000e-01 1.14000000e+00 1.30000000e+00 1.32000000e+00 1.18000000e+00 1.05000000e+00 9.51000000e-01 8.87000000e-01 8.68000000e-01 8.59000000e-01
15 23  7.91000000e-01 7.39000000e-01 6.96000000e-01 6.48000000e-01 5.84000000e-01 5.41000000e-01 5.01000000e-01 4.26000000e-01 3.43000000e-01 2.52000000e-01
15 24  6.82000000e-02 7.41000000e-02 7.88000000e-02 8.08000000e-02 7.96000000e-02 7.58000000e-02 7.03000000e-02 5.89000000e-02 4.64000000e-02 3.34000000e-02
15 25  3.96000000e-01 3.65000000e-01 3.45000000e-01 3.27000000e-01 2.93000000e-01 2.60000000e-01 2.30000000e-01 1.90000000e-01 1.51000000e-01 1.11000000e-01
15 26  1.25000000e-01 1.78000000e-01 1.91000000e-01 1.67000000e-01 1.09000000e-01 6.87000000e-02 3.98000000e-02 1.79000000e-02 9.55000000e-03 5.05000000e-03
15 27  8.97000000e-01 8.57000000e-01 7.92000000e-01 7.24000000e-01 6.27000000e-01 5.60000000e-01 5.02000000e-01 4.16000000e-01 3.30000000e-01 2.40000000e-01
15 28  0.00000000e+00 0.00000000e+00 0.00000000e+00 0.00000000e+00 0.00000000e+00 0.00000000e+00 0.00000000e+00 0.00000000e+00 0.00000000e+00 0.00000000e+00
15 29  0.00000000e+00 0.00000000e+00 0.00000000e+00 0.00000000e+00 0.00000000e+00 0.00000000e+00 0.00000000e+00 0.00000000e+00 0.00000000e+00 0.00000000e+00
15 30  0.00000000e+00 0.00000000e+00 0.00000000e+00 0.00000000e+00 0.00000000e+00 0.00000000e+00 0.00000000e+00 0.00000000e+00 0.00000000e+00 0.00000000e+00
15 31  0.00000000e+00 0.00000000e+00 0.00000000e+00 0.00000000e+00 0.00000000e+00 0.00000000e+00 0.00000000e+00 0.00000000e+00 0.00000000e+00 0.00000000e+00
15 32  0.00000000e+00 0.00000000e+00 0.00000000e+00 0.00000000e+00 0.00000000e+00 0.00000000e+00 0.00000000e+00 0.00000000e+00 0.00000000e+00 0.00000000e+00
15 33  0.00000000e+00 0.00000000e+00 0.00000000e+00 0.00000000e+00 0.00000000e+00 0.00000000e+00 0.00000000e+00 0.00000000e+00 0.00000000e+00 0.00000000e+00
15 34  0.00000000e+00 0.00000000e+00 0.00000000e+00 0.00000000e+00 0.00000000e+00 0.00000000e+00 0.00000000e+00 0.00000000e+00 0.00000000e+00 0.00000000e+00
16 17  1.90000000e+00 1.70000000e+00 1.52000000e+00 1.33000000e+00 1.05000000e+00 8.61000000e-01 7.16000000e-01 5.76000000e-01 4.67000000e-01 3.57000000e-01
16 18  3.71000000e-03 7.07000000e-03 9.53000000e-03 1.20000000e-02 1.23000000e-02 9.37000000e-03 5.98000000e-03 2.81000000e-03 1.48000000e-03 7.63000000e-04
16 19  9.63000000e-01 1.02000000e+00 1.04000000e+00 1.03000000e+00 9.13000000e-01 8.02000000e-01 7.05000000e-01 5.78000000e-01 4.58000000e-01 3.33000000e-01
16 20  5.31000000e-01 6.33000000e-01 7.11000000e-01 7.23000000e-01 6.58000000e-01 5.99000000e-01 5.59000000e-01 5.33000000e-01 5.24000000e-01 5.17000000e-01
16 21  1.96000000e-01 2.26000000e-01 2.55000000e-01 2.49000000e-01 2.01000000e-01 1.62000000e-01 1.29000000e-01 9.42000000e-02 7.09000000e-02 5.10000000e-02
16 22  4.31000000e-01 5.29000000e-01 6.11000000e-01 6.23000000e-01 5.46000000e-01 4.73000000e-01 4.12000000e-01 3.49000000e-01 3.07000000e-01 2.70000000e-01
16 23  6.89000000e-01 6.33000000e-01 5.92000000e-01 5.48000000e-01 4.91000000e-01 4.53000000e-01 4.18000000e-01 3.54000000e-01 2.84000000e-01 2.08000000e-01
16 24  6.66000000e-02 7.90000000e-02 8.79000000e-02 8.91000000e-02 8.31000000e-02 7.63000000e-02 6.90000000e-02 5.67000000e-02 4.45000000e-02 3.20000000e-02
16 25  5.19000000e-01 4.69000000e-01 4.10000000e-01 3.57000000e-01 2.93000000e-01 2.50000000e-01 2.16000000e-01 1.75000000e-01 1.39000000e-01 1.02000000e-01
16 26  1.09000000e-01 1.52000000e-01 1.61000000e-01 1.40000000e-01 9.17000000e-02 5.77000000e-02 3.33000000e-02 1.50000000e-02 7.97000000e-03 4.21000000e-03
16 27  7.38000000e-01 7.30000000e-01 6.81000000e-01 6.23000000e-01 5.38000000e-01 4.78000000e-01 4.26000000e-01 3.50000000e-01 2.78000000e-01 2.03000000e-01
16 28  0.00000000e+00 0.00000000e+00 0.00000000e+00 0.00000000e+00 0.00000000e+00 0.00000000e+00 0.00000000e+00 0.00000000e+00 0.00000000e+00 0.00000000e+00
16 29  0.00000000e+00 0.00000000e+00 0.00000000e+00 0.00000000e+00 0.00000000e+00 0.00000000e+00 0.00000000e+00 0.00000000e+00 0.00000000e+00 0.00000000e+00
16 30  0.00000000e+00 0.00000000e+00 0.00000000e+00 0.00000000e+00 0.00000000e+00 0.00000000e+00 0.00000000e+00 0.00000000e+00 0.00000000e+00 0.00000000e+00
16 31  0.00000000e+00 0.00000000e+00 0.00000000e+00 0.00000000e+00 0.00000000e+00 0.00000000e+00 0.00000000e+00 0.00000000e+00 0.00000000e+00 0.00000000e+00
16 32  0.00000000e+00 0.00000000e+00 0.00000000e+00 0.00000000e+00 0.00000000e+00 0.00000000e+00 0.00000000e+00 0.00000000e+00 0.00000000e+00 0.00000000e+00
16 33  0.00000000e+00 0.00000000e+00 0.00000000e+00 0.00000000e+00 0.00000000e+00 0.00000000e+00 0.00000000e+00 0.00000000e+00 0.00000000e+00 0.00000000e+00
16 34  0.00000000e+00 0.00000000e+00 0.00000000e+00 0.00000000e+00 0.00000000e+00 0.00000000e+00 0.00000000e+00 0.00000000e+00 0.00000000e+00 0.00000000e+00
17 18  2.92000000e-03 5.56000000e-03 6.78000000e-03 8.64000000e-03 9.62000000e-03 7.58000000e-03 4.90000000e-03 2.31000000e-03 1.22000000e-03 6.29000000e-04
17 19  6.76000000e-01 7.37000000e-01 7.62000000e-01 7.57000000e-01 6.78000000e-01 5.99000000e-01 5.29000000e-01 4.37000000e-01 3.48000000e-01 2.53000000e-01
17 20  3.39000000e-01 4.02000000e-01 4.57000000e-01 4.53000000e-01 3.81000000e-01 3.21000000e-01 2.73000000e-01 2.30000000e-01 2.07000000e-01 1.90000000e-01
17 21  3.62000000e-01 4.57000000e-01 5.20000000e-01 5.19000000e-01 4.53000000e-01 4.01000000e-01 3.66000000e-01 3.49000000e-01 3.49000000e-01 3.52000000e-01
17 22  2.35000000e-01 2.65000000e-01 3.04000000e-01 3.17000000e-01 2.90000000e-01 2.59000000e-01 2.29000000e-01 1.86000000e-01 1.49000000e-01 1.12000000e-01
17 23  5.42000000e-01 4.98000000e-01 4.65000000e-01 4.30000000e-01 3.85000000e-01 3.56000000e-01 3.28000000e-01 2.79000000e-01 2.24000000e-01 1.65000000e-01
17 24  5.45000000e-02 6.97000000e-02 8.08000000e-02 8.19000000e-02 7.40000000e-02 6.63000000e-02 5.87000000e-02 4.74000000e-02 3.69000000e-02 2.63000000e-02
17 25  4.56000000e-01 4.28000000e-01 3.74000000e-01 3.17000000e-01 2.50000000e-01 2.07000000e-01 1.75000000e-01 1.39000000e-01 1.10000000e-01 8.02000000e-02
17 26  8.12000000e-02 1.17000000e-01 1.24000000e-01 1.08000000e-01 7.14000000e-02 4.53000000e-02 2.63000000e-02 1.19000000e-02 6.32000000e-03 3.34000000e-03
17 27  6.08000000e-01 5.94000000e-01 5.49000000e-01 5.00000000e-01 4.28000000e-01 3.78000000e-01 3.34000000e-01 2.72000000e-01 2.15000000e-01 1.56000000e-01
17 28  0.00000000e+00 0.00000000e+00 0.00000000e+00 0.00000000e+00 0.00000000e+00 0.00000000e+00 0.00000000e+00 0.00000000e+00 0.00000000e+00 0.00000000e+00
17 29  0.00000000e+00 0.00000000e+00 0.00000000e+00 0.00000000e+00 0.00000000e+00 0.00000000e+00 0.00000000e+00 0.00000000e+00 0.00000000e+00 0.00000000e+00
17 30  0.00000000e+00 0.00000000e+00 0.00000000e+00 0.00000000e+00 0.00000000e+00 0.00000000e+00 0.00000000e+00 0.00000000e+00 0.00000000e+00 0.00000000e+00
17 31  0.00000000e+00 0.00000000e+00 0.00000000e+00 0.00000000e+00 0.00000000e+00 0.00000000e+00 0.00000000e+00 0.00000000e+00 0.00000000e+00 0.00000000e+00
17 32  0.00000000e+00 0.00000000e+00 0.00000000e+00 0.00000000e+00 0.00000000e+00 0.00000000e+00 0.00000000e+00 0.00000000e+00 0.00000000e+00 0.00000000e+00
17 33  0.00000000e+00 0.00000000e+00 0.00000000e+00 0.00000000e+00 0.00000000e+00 0.00000000e+00 0.00000000e+00 0.00000000e+00 0.00000000e+00 0.00000000e+00
17 34  0.00000000e+00 0.00000000e+00 0.00000000e+00 0.00000000e+00 0.00000000e+00 0.00000000e+00 0.00000000e+00 0.00000000e+00 0.00000000e+00 0.00000000e+00
18 19  5.02000000e-04 1.03000000e-03 1.30000000e-03 1.61000000e-03 1.59000000e-03 1.20000000e-03 7.60000000e-04 3.57000000e-04 1.89000000e-04 9.72000000e-05
18 20  1.89000000e-02 1.66000000e-02 1.63000000e-02 1.76000000e-02 1.61000000e-02 1.16000000e-02 7.09000000e-03 3.24000000e-03 1.69000000e-03 8.67000000e-04
18 21  5.70000000e-03 5.97000000e-03 6.51000000e-03 8.25000000e-03 8.51000000e-03 6.42000000e-03 4.07000000e-03 1.92000000e-03 1.02000000e-03 5.26000000e-04
18 22  2.86000000e-02 2.46000000e-02 2.37000000e-02 2.42000000e-02 2.11000000e-02 1.51000000e-02 9.25000000e-03 4.23000000e-03 2.22000000e-03 1.14000000e-03
18 23  1.56000000e-02 1.17000000e-02 9.09000000e-03 6.77000000e-03 3.92000000e-03 2.31000000e-03 1.27000000e-03 5.40000000e-04 2.76000000e-04 1.40000000e-04
18 24  3.14000000e-04 7.77000000e-04 9.95000000e-04 1.24000000e-03 1.29000000e-03 9.77000000e-04 6.19000000e-04 2.89000000e-04 1.52000000e-04 7.83000000e-05
18 25  3.13000000e-03 2.86000000e-03 3.90000000e-03 5.59000000e-03 5.31000000e-03 3.74000000e-03 2.26000000e-03 1.02000000e-03 5.29000000e-04 2.70000000e-04
18 26  6.95000000e+00 5.86000000e+00 5.14000000e+00 4.70000000e+00 3.64000000e+00 2.54000000e+00 1.61000000e+00 8.09000000e-01 4.69000000e-01 2.68000000e-01
18 27  1.66000000e-03 2.28000000e-03 4.14000000e-03 5.41000000e-03 4.56000000e-03 3.07000000e-03 1.81000000e-03 8.05000000e-04 4.18000000e-04 2.13000000e-04
18 28  0.00000000e+00 0.00000000e+00 0.00000000e+00 0.00000000e+00 0.00000000e+00 0.00000000e+00 0.00000000e+00 0.00000000e+00 0.00000000e+00 0.00000000e+00
18 29  0.00000000e+00 0.00000000e+00 0.00000000e+00 0.00000000e+00 0.00000000e+00 0.00000000e+00 0.00000000e+00 0.00000000e+00 0.00000000e+00 0.00000000e+00
18 30  0.00000000e+00 0.00000000e+00 0.00000000e+00 0.00000000e+00 0.00000000e+00 0.00000000e+00 0.00000000e+00 0.00000000e+00 0.00000000e+00 0.00000000e+00
18 31  0.00000000e+00 0.00000000e+00 0.00000000e+00 0.00000000e+00 0.00000000e+00 0.00000000e+00 0.00000000e+00 0.00000000e+00 0.00000000e+00 0.00000000e+00
18 32  0.00000000e+00 0.00000000e+00 0.00000000e+00 0.00000000e+00 0.00000000e+00 0.00000000e+00 0.00000000e+00 0.00000000e+00 0.00000000e+00 0.00000000e+00
18 33  0.00000000e+00 0.00000000e+00 0.00000000e+00 0.00000000e+00 0.00000000e+00 0.00000000e+00 0.00000000e+00 0.00000000e+00 0.00000000e+00 0.00000000e+00
18 34  0.00000000e+00 0.00000000e+00 0.00000000e+00 0.00000000e+00 0.00000000e+00 0.00000000e+00 0.00000000e+00 0.00000000e+00 0.00000000e+00 0.00000000e+00
19 20  0.00000000e+00 0.00000000e+00 0.00000000e+00 0.00000000e+00 0.00000000e+00 0.00000000e+00 0.00000000e+00 0.00000000e+00 0.00000000e+00 0.00000000e+00
19 21  0.00000000e+00 0.00000000e+00 0.00000000e+00 0.00000000e+00 0.00000000e+00 0.00000000e+00 0.00000000e+00 0.00000000e+00 0.00000000e+00 0.00000000e+00
19 22  0.00000000e+00 0.00000000e+00 0.00000000e+00 0.00000000e+00 0.00000000e+00 0.00000000e+00 0.00000000e+00 0.00000000e+00 0.00000000e+00 0.00000000e+00
19 23  1.65000000e+00 1.77000000e+00 1.80000000e+00 1.72000000e+00 1.54000000e+00 1.45000000e+00 1.42000000e+00 1.56000000e+00 1.77000000e+00 1.99000000e+00
19 24  0.00000000e+00 0.00000000e+00 0.00000000e+00 0.00000000e+00 0.00000000e+00 0.00000000e+00 0.00000000e+00 0.00000000e+00 0.00000000e+00 0.00000000e+00
19 25  3.01000000e-01 3.40000000e-01 3.55000000e-01 3.33000000e-01 2.57000000e-01 2.00000000e-01 1.53000000e-01 1.07000000e-01 8.61000000e-02 7.37000000e-02
19 26  3.03000000e-03 4.75000000e-03 4.94000000e-03 4.66000000e-03 3.58000000e-03 2.45000000e-03 1.48000000e-03 6.70000000e-04 3.51000000e-04 1.79000000e-04
19 27  1.16000000e+00 1.41000000e+00 1.27000000e+00 1.01000000e+00 7.12000000e-01 5.52000000e-01 4.36000000e-01 3.18000000e-01 2.41000000e-01 1.75000000e-01
19 28  0.00000000e+00 0.00000000e+00 0.00000000e+00 0.00000000e+00 0.00000000e+00 0.00000000e+00 0.00000000e+00 0.00000000e+00 0.00000000e+00 0.00000000e+00
19 29  0.00000000e+00 0.00000000e+00 0.00000000e+00 0.00000000e+00 0.00000000e+00 0.00000000e+00 0.00000000e+00 0.00000000e+00 0.00000000e+00 0.00000000e+00
19 30  0.00000000e+00 0.00000000e+00 0.00000000e+00 0.00000000e+00 0.00000000e+00 0.00000000e+00 0.00000000e+00 0.00000000e+00 0.00000000e+00 0.00000000e+00
19 31  0.00000000e+00 0.00000000e+00 0.00000000e+00 0.00000000e+00 0.00000000e+00 0.00000000e+00 0.00000000e+00 0.00000000e+00 0.00000000e+00 0.00000000e+00
19 32  0.00000000e+00 0.00000000e+00 0.00000000e+00 0.00000000e+00 0.00000000e+00 0.00000000e+00 0.00000000e+00 0.00000000e+00 0.00000000e+00 0.00000000e+00
19 33  0.00000000e+00 0.00000000e+00 0.00000000e+00 0.00000000e+00 0.00000000e+00 0.00000000e+00 0.00000000e+00 0.00000000e+00 0.00000000e+00 0.00000000e+00
19 34  0.00000000e+00 0.00000000e+00 0.00000000e+00 0.00000000e+00 0.00000000e+00 0.00000000e+00 0.00000000e+00 0.00000000e+00 0.00000000e+00 0.00000000e+00
20 21  0.00000000e+00 0.00000000e+00 0.00000000e+00 0.00000000e+00 0.00000000e+00 0.00000000e+00 0.00000000e+00 0.00000000e+00 0.00000000e+00 0.00000000e+00
20 22  6.07000000e-01 6.84000000e-01 7.38000000e-01 7.47000000e-01 6.46000000e-01 5.36000000e-01 4.41000000e-01 3.42000000e-01 2.69000000e-01 2.00000000e-01
20 23  1.94000000e-01 1.88000000e-01 1.92000000e-01 1.96000000e-01 1.79000000e-01 1.59000000e-01 1.41000000e-01 1.15000000e-01 9.09000000e-02 6.61000000e-02
20 24  8.73000000e-02 1.03000000e-01 1.09000000e-01 1.09000000e-01 1.01000000e-01 9.18000000e-02 8.36000000e-02 7.14000000e-02 5.78000000e-02 4.26000000e-02
20 25  4.02000000e-01 4.01000000e-01 3.77000000e-01 3.49000000e-01 2.96000000e-01 2.50000000e-01 2.09000000e-01 1.61000000e-01 1.23000000e-01 8.86000000e-02
20 26  1.92000000e-01 2.95000000e-01 2.92000000e-01 2.36000000e-01 1.42000000e-01 8.59000000e-02 4.82000000e-02 2.10000000e-02 1.09000000e-02 5.65000000e-03
20 27  5.19000000e-01 5.68000000e-01 5.51000000e-01 5.05000000e-01 4.35000000e-01 3.90000000e-01 3.52000000e-01 2.94000000e-01 2.35000000e-01 1.73000000e-01
20 28  0.00000000e+00 0.00000000e+00 0.00000000e+00 0.00000000e+00 0.00000000e+00 0.00000000e+00 0.00000000e+00 0.00000000e+00 0.00000000e+00 0.00000000e+00
20 29  0.00000000e+00 0.00000000e+00 0.00000000e+00 0.00000000e+00 0.00000000e+00 0.00000000e+00 0.00000000e+00 0.00000000e+00 0.00000000e+00 0.00000000e+00
20 30  0.00000000e+00 0.00000000e+00 0.00000000e+00 0.00000000e+00 0.00000000e+00 0.00000000e+00 0.00000000e+00 0.00000000e+00 0.00000000e+00 0.00000000e+00
20 31  0.00000000e+00 0.00000000e+00 0.00000000e+00 0.00000000e+00 0.00000000e+00 0.00000000e+00 0.00000000e+00 0.00000000e+00 0.00000000e+00 0.00000000e+00
20 32  0.00000000e+00 0.00000000e+00 0.00000000e+00 0.00000000e+00 0.00000000e+00 0.00000000e+00 0.00000000e+00 0.00000000e+00 0.00000000e+00 0.00000000e+00
20 33  0.00000000e+00 0.00000000e+00 0.00000000e+00 0.00000000e+00 0.00000000e+00 0.00000000e+00 0.00000000e+00 0.00000000e+00 0.00000000e+00 0.00000000e+00
20 34  0.00000000e+00 0.00000000e+00 0.00000000e+00 0.00000000e+00 0.00000000e+00 0.00000000e+00 0.00000000e+00 0.00000000e+00 0.00000000e+00 0.00000000e+00
21 22  2.09000000e-01 2.36000000e-01 2.55000000e-01 2.66000000e-01 2.29000000e-01 1.83000000e-01 1.40000000e-01 9.53000000e-02 6.97000000e-02 5.00000000e-02
21 23  1.11000000e-01 1.09000000e-01 1.12000000e-01 1.14000000e-01 1.04000000e-01 9.34000000e-02 8.28000000e-02 6.78000000e-02 5.36000000e-02 3.89000000e-02
21 24  5.70000000e-02 6.79000000e-02 7.23000000e-02 7.19000000e-02 6.48000000e-02 5.78000000e-02 5.17000000e-02 4.32000000e-02 3.46000000e-02 2.53000000e-02
21 25  2.19000000e-01 2.29000000e-01 2.23000000e-01 2.11000000e-01 1.79000000e-01 1.50000000e-01 1.24000000e-01 9.47000000e-02 7.26000000e-02 5.18000000e-02
21 26  1.09000000e-01 1.64000000e-01 1.65000000e-01 1.36000000e-01 8.41000000e-02 5.13000000e-02 2.90000000e-02 1.27000000e-02 6.60000000e-03 3.41000000e-03
21 27  3.23000000e-01 3.46000000e-01 3.33000000e-01 3.04000000e-01 2.63000000e-01 2.37000000e-01 2.15000000e-01 1.80000000e-01 1.44000000e-01 1.05000000e-01
21 28  0.00000000e+00 0.00000000e+00 0.00000000e+00 0.00000000e+00 0.00000000e+00 0.00000000e+00 0.00000000e+00 0.00000000e+00 0.00000000e+00 0.00000000e+00
21 29  0.00000000e+00 0.00000000e+00 0.00000000e+00 0.00000000e+00 0.00000000e+00 0.00000000e+00 0.00000000e+00 0.00000000e+00 0.00000000e+00 0.00000000e+00
21 30  0.00000000e+00 0.00000000e+00 0.00000000e+00 0.00000000e+00 0.00000000e+00 0.00000000e+00 0.00000000e+00 0.00000000e+00 0.00000000e+00 0.00000000e+00
21 31  0.00000000e+00 0.00000000e+00 0.00000000e+00 0.00000000e+00 0.00000000e+00 0.00000000e+00 0.00000000e+00 0.00000000e+00 0.00000000e+00 0.00000000e+00
21 32  0.00000000e+00 0.00000000e+00 0.00000000e+00 0.00000000e+00 0.00000000e+00 0.00000000e+00 0.00000000e+00 0.00000000e+00 0.00000000e+00 0.00000000e+00
21 33  0.00000000e+00 0.00000000e+00 0.00000000e+00 0.00000000e+00 0.00000000e+00 0.00000000e+00 0.00000000e+00 0.00000000e+00 0.00000000e+00 0.00000000e+00
21 34  0.00000000e+00 0.00000000e+00 0.00000000e+00 0.00000000e+00 0.00000000e+00 0.00000000e+00 0.00000000e+00 0.00000000e+00 0.00000000e+00 0.00000000e+00
22 23  2.77000000e-01 2.64000000e-01 2.70000000e-01 2.77000000e-01 2.56000000e-01 2.28000000e-01 2.03000000e-01 1.66000000e-01 1.32000000e-01 9.62000000e-02
22 24  1.19000000e-01 1.34000000e-01 1.41000000e-01 1.43000000e-01 1.36000000e-01 1.27000000e-01 1.18000000e-01 1.02000000e-01 8.31000000e-02 6.12000000e-02
22 25  4.87000000e-01 4.86000000e-01 4.67000000e-01 4.44000000e-01 3.87000000e-01 3.33000000e-01 2.83000000e-01 2.22000000e-01 1.72000000e-01 1.24000000e-01
22 26  2.66000000e-01 4.19000000e-01 4.18000000e-01 3.38000000e-01 2.04000000e-01 1.23000000e-01 6.90000000e-02 3.01000000e-02 1.57000000e-02 8.08000000e-03
22 27  7.14000000e-01 7.76000000e-01 7.56000000e-01 6.91000000e-01 5.92000000e-01 5.27000000e-01 4.71000000e-01 3.89000000e-01 3.08000000e-01 2.23000000e-01
22 28  0.00000000e+00 0.00000000e+00 0.00000000e+00 0.00000000e+00 0.00000000e+00 0.00000000e+00 0.00000000e+00 0.00000000e+00 0.00000000e+00 0.00000000e+00
22 29  0.00000000e+00 0.00000000e+00 0.00000000e+00 0.00000000e+00 0.00000000e+00 0.00000000e+00 0.00000000e+00 0.00000000e+00 0.00000000e+00 0.00000000e+00
22 30  0.00000000e+00 0.00000000e+00 0.00000000e+00 0.00000000e+00 0.00000000e+00 0.00000000e+00 0.00000000e+00 0.00000000e+00 0.00000000e+00 0.00000000e+00
22 31  0.00000000e+00 0.00000000e+00 0.00000000e+00 0.00000000e+00 0.00000000e+00 0.00000000e+00 0.00000000e+00 0.00000000e+00 0.00000000e+00 0.00000000e+00
22 32  0.00000000e+00 0.00000000e+00 0.00000000e+00 0.00000000e+00 0.00000000e+00 0.00000000e+00 0.00000000e+00 0.00000000e+00 0.00000000e+00 0.00000000e+00
22 33  0.00000000e+00 0.00000000e+00 0.00000000e+00 0.00000000e+00 0.00000000e+00 0.00000000e+00 0.00000000e+00 0.00000000e+00 0.00000000e+00 0.00000000e+00
22 34  0.00000000e+00 0.00000000e+00 0.00000000e+00 0.00000000e+00 0.00000000e+00 0.00000000e+00 0.00000000e+00 0.00000000e+00 0.00000000e+00 0.00000000e+00
23 24  1.44000000e-01 1.73000000e-01 2.04000000e-01 2.10000000e-01 1.79000000e-01 1.47000000e-01 1.17000000e-01 8.44000000e-02 6.85000000e-02 5.93000000e-02
23 25  9.95000000e-01 1.43000000e+00 1.41000000e+00 1.20000000e+00 8.67000000e-01 6.75000000e-01 5.44000000e-01 4.44000000e-01 4.03000000e-01 3.77000000e-01
23 26  1.57000000e-02 2.07000000e-02 2.18000000e-02 2.11000000e-02 1.63000000e-02 1.11000000e-02 6.64000000e-03 3.00000000e-03 1.57000000e-03 8.02000000e-04
23 27  2.03000000e+00 1.58000000e+00 1.30000000e+00 1.03000000e+00 7.30000000e-01 5.67000000e-01 4.48000000e-01 3.60000000e-01 3.39000000e-01 3.39000000e-01
23 28  0.00000000e+00 0.00000000e+00 0.00000000e+00 0.00000000e+00 0.00000000e+00 0.00000000e+00 0.00000000e+00 0.00000000e+00 0.00000000e+00 0.00000000e+00
23 29  0.00000000e+00 0.00000000e+00 0.00000000e+00 0.00000000e+00 0.00000000e+00 0.00000000e+00 0.00000000e+00 0.00000000e+00 0.00000000e+00 0.00000000e+00
23 30  0.00000000e+00 0.00000000e+00 0.00000000e+00 0.00000000e+00 0.00000000e+00 0.00000000e+00 0.00000000e+00 0.00000000e+00 0.00000000e+00 0.00000000e+00
23 31  0.00000000e+00 0.00000000e+00 0.00000000e+00 0.00000000e+00 0.00000000e+00 0.00000000e+00 0.00000000e+00 0.00000000e+00 0.00000000e+00 0.00000000e+00
23 32  0.00000000e+00 0.00000000e+00 0.00000000e+00 0.00000000e+00 0.00000000e+00 0.00000000e+00 0.00000000e+00 0.00000000e+00 0.00000000e+00 0.00000000e+00
23 33  0.00000000e+00 0.00000000e+00 0.00000000e+00 0.00000000e+00 0.00000000e+00 0.00000000e+00 0.00000000e+00 0.00000000e+00 0.00000000e+00 0.00000000e+00
23 34  0.00000000e+00 0.00000000e+00 0.00000000e+00 0.00000000e+00 0.00000000e+00 0.00000000e+00 0.00000000e+00 0.00000000e+00 0.00000000e+00 0.00000000e+00
24 25  2.71000000e-01 2.91000000e-01 2.52000000e-01 2.11000000e-01 1.60000000e-01 1.28000000e-01 1.07000000e-01 1.00000000e-01 1.06000000e-01 1.15000000e-01
24 26  4.45000000e-03 5.23000000e-03 5.74000000e-03 5.78000000e-03 4.46000000e-03 3.01000000e-03 1.79000000e-03 8.08000000e-04 4.22000000e-04 2.16000000e-04
24 27  1.55000000e-01 1.48000000e-01 1.43000000e-01 1.36000000e-01 1.20000000e-01 1.07000000e-01 9.45000000e-02 7.58000000e-02 5.87000000e-02 4.17000000e-02
24 28  0.00000000e+00 0.00000000e+00 0.00000000e+00 0.00000000e+00 0.00000000e+00 0.00000000e+00 0.00000000e+00 0.00000000e+00 0.00000000e+00 0.00000000e+00
24 29  0.00000000e+00 0.00000000e+00 0.00000000e+00 0.00000000e+00 0.00000000e+00 0.00000000e+00 0.00000000e+00 0.00000000e+00 0.00000000e+00 0.00000000e+00
24 30  0.00000000e+00 0.00000000e+00 0.00000000e+00 0.00000000e+00 0.00000000e+00 0.00000000e+00 0.00000000e+00 0.00000000e+00 0.00000000e+00 0.00000000e+00
24 31  0.00000000e+00 0.00000000e+00 0.00000000e+00 0.00000000e+00 0.00000000e+00 0.00000000e+00 0.00000000e+00 0.00000000e+00 0.00000000e+00 0.00000000e+00
24 32  0.00000000e+00 0.00000000e+00 0.00000000e+00 0.00000000e+00 0.00000000e+00 0.00000000e+00 0.00000000e+00 0.00000000e+00 0.00000000e+00 0.00000000e+00
24 33  0.00000000e+00 0.00000000e+00 0.00000000e+00 0.00000000e+00 0.00000000e+00 0.00000000e+00 0.00000000e+00 0.00000000e+00 0.00000000e+00 0.00000000e+00
24 34  0.00000000e+00 0.00000000e+00 0.00000000e+00 0.00000000e+00 0.00000000e+00 0.00000000e+00 0.00000000e+00 0.00000000e+00 0.00000000e+00 0.00000000e+00
25 26  2.45000000e-02 2.69000000e-02 2.99000000e-02 3.04000000e-02 2.29000000e-02 1.50000000e-02 8.80000000e-03 3.91000000e-03 2.03000000e-03 1.04000000e-03
25 27  9.48000000e-01 1.09000000e+00 1.08000000e+00 9.85000000e-01 8.20000000e-01 7.19000000e-01 6.53000000e-01 6.31000000e-01 6.51000000e-01 6.80000000e-01
25 28  0.00000000e+00 0.00000000e+00 0.00000000e+00 0.00000000e+00 0.00000000e+00 0.00000000e+00 0.00000000e+00 0.00000000e+00 0.00000000e+00 0.00000000e+00
25 29  0.00000000e+00 0.00000000e+00 0.00000000e+00 0.00000000e+00 0.00000000e+00 0.00000000e+00 0.00000000e+00 0.00000000e+00 0.00000000e+00 0.00000000e+00
25 30  0.00000000e+00 0.00000000e+00 0.00000000e+00 0.00000000e+00 0.00000000e+00 0.00000000e+00 0.00000000e+00 0.00000000e+00 0.00000000e+00 0.00000000e+00
25 31  0.00000000e+00 0.00000000e+00 0.00000000e+00 0.00000000e+00 0.00000000e+00 0.00000000e+00 0.00000000e+00 0.00000000e+00 0.00000000e+00 0.00000000e+00
25 32  0.00000000e+00 0.00000000e+00 0.00000000e+00 0.00000000e+00 0.00000000e+00 0.00000000e+00 0.00000000e+00 0.00000000e+00 0.00000000e+00 0.00000000e+00
25 33  0.00000000e+00 0.00000000e+00 0.00000000e+00 0.00000000e+00 0.00000000e+00 0.00000000e+00 0.00000000e+00 0.00000000e+00 0.00000000e+00 0.00000000e+00
25 34  0.00000000e+00 0.00000000e+00 0.00000000e+00 0.00000000e+00 0.00000000e+00 0.00000000e+00 0.00000000e+00 0.00000000e+00 0.00000000e+00 0.00000000e+00
26 27  3.59000000e-02 3.96000000e-02 3.71000000e-02 3.23000000e-02 2.26000000e-02 1.46000000e-02 8.51000000e-03 3.76000000e-03 1.95000000e-03 9.94000000e-04
26 28  0.00000000e+00 0.00000000e+00 0.00000000e+00 0.00000000e+00 0.00000000e+00 0.00000000e+00 0.00000000e+00 0.00000000e+00 0.00000000e+00 0.00000000e+00
26 29  0.00000000e+00 0.00000000e+00 0.00000000e+00 0.00000000e+00 0.00000000e+00 0.00000000e+00 0.00000000e+00 0.00000000e+00 0.00000000e+00 0.00000000e+00
26 30  0.00000000e+00 0.00000000e+00 0.00000000e+00 0.00000000e+00 0.00000000e+00 0.00000000e+00 0.00000000e+00 0.00000000e+00 0.00000000e+00 0.00000000e+00
26 31  0.00000000e+00 0.00000000e+00 0.00000000e+00 0.00000000e+00 0.00000000e+00 0.00000000e+00 0.00000000e+00 0.00000000e+00 0.00000000e+00 0.00000000e+00
26 32  0.00000000e+00 0.00000000e+00 0.00000000e+00 0.00000000e+00 0.00000000e+00 0.00000000e+00 0.00000000e+00 0.00000000e+00 0.00000000e+00 0.00000000e+00
26 33  0.00000000e+00 0.00000000e+00 0.00000000e+00 0.00000000e+00 0.00000000e+00 0.00000000e+00 0.00000000e+00 0.00000000e+00 0.00000000e+00 0.00000000e+00
26 34  0.00000000e+00 0.00000000e+00 0.00000000e+00 0.00000000e+00 0.00000000e+00 0.00000000e+00 0.00000000e+00 0.00000000e+00 0.00000000e+00 0.00000000e+00
27 28  0.00000000e+00 0.00000000e+00 0.00000000e+00 0.00000000e+00 0.00000000e+00 0.00000000e+00 0.00000000e+00 0.00000000e+00 0.00000000e+00 0.00000000e+00
27 29  0.00000000e+00 0.00000000e+00 0.00000000e+00 0.00000000e+00 0.00000000e+00 0.00000000e+00 0.00000000e+00 0.00000000e+00 0.00000000e+00 0.00000000e+00
27 30  0.00000000e+00 0.00000000e+00 0.00000000e+00 0.00000000e+00 0.00000000e+00 0.00000000e+00 0.00000000e+00 0.00000000e+00 0.00000000e+00 0.00000000e+00
27 31  0.00000000e+00 0.00000000e+00 0.00000000e+00 0.00000000e+00 0.00000000e+00 0.00000000e+00 0.00000000e+00 0.00000000e+00 0.00000000e+00 0.00000000e+00
27 32  0.00000000e+00 0.00000000e+00 0.00000000e+00 0.00000000e+00 0.00000000e+00 0.00000000e+00 0.00000000e+00 0.00000000e+00 0.00000000e+00 0.00000000e+00
27 33  0.00000000e+00 0.00000000e+00 0.00000000e+00 0.00000000e+00 0.00000000e+00 0.00000000e+00 0.00000000e+00 0.00000000e+00 0.00000000e+00 0.00000000e+00
27 34  0.00000000e+00 0.00000000e+00 0.00000000e+00 0.00000000e+00 0.00000000e+00 0.00000000e+00 0.00000000e+00 0.00000000e+00 0.00000000e+00 0.00000000e+00
28 29  0.00000000e+00 0.00000000e+00 0.00000000e+00 0.00000000e+00 0.00000000e+00 0.00000000e+00 0.00000000e+00 0.00000000e+00 0.00000000e+00 0.00000000e+00
28 30  0.00000000e+00 0.00000000e+00 0.00000000e+00 0.00000000e+00 0.00000000e+00 0.00000000e+00 0.00000000e+00 0.00000000e+00 0.00000000e+00 0.00000000e+00
28 31  0.00000000e+00 0.00000000e+00 0.00000000e+00 0.00000000e+00 0.00000000e+00 0.00000000e+00 0.00000000e+00 0.00000000e+00 0.00000000e+00 0.00000000e+00
28 32  0.00000000e+00 0.00000000e+00 0.00000000e+00 0.00000000e+00 0.00000000e+00 0.00000000e+00 0.00000000e+00 0.00000000e+00 0.00000000e+00 0.00000000e+00
28 33  0.00000000e+00 0.00000000e+00 0.00000000e+00 0.00000000e+00 0.00000000e+00 0.00000000e+00 0.00000000e+00 0.00000000e+00 0.00000000e+00 0.00000000e+00
28 34  0.00000000e+00 0.00000000e+00 0.00000000e+00 0.00000000e+00 0.00000000e+00 0.00000000e+00 0.00000000e+00 0.00000000e+00 0.00000000e+00 0.00000000e+00
29 30  0.00000000e+00 0.00000000e+00 0.00000000e+00 0.00000000e+00 0.00000000e+00 0.00000000e+00 0.00000000e+00 0.00000000e+00 0.00000000e+00 0.00000000e+00
29 31  0.00000000e+00 0.00000000e+00 0.00000000e+00 0.00000000e+00 0.00000000e+00 0.00000000e+00 0.00000000e+00 0.00000000e+00 0.00000000e+00 0.00000000e+00
29 32  0.00000000e+00 0.00000000e+00 0.00000000e+00 0.00000000e+00 0.00000000e+00 0.00000000e+00 0.00000000e+00 0.00000000e+00 0.00000000e+00 0.00000000e+00
29 33  0.00000000e+00 0.00000000e+00 0.00000000e+00 0.00000000e+00 0.00000000e+00 0.00000000e+00 0.00000000e+00 0.00000000e+00 0.00000000e+00 0.00000000e+00
29 34  0.00000000e+00 0.00000000e+00 0.00000000e+00 0.00000000e+00 0.00000000e+00 0.00000000e+00 0.00000000e+00 0.00000000e+00 0.00000000e+00 0.00000000e+00
30 31  0.00000000e+00 0.00000000e+00 0.00000000e+00 0.00000000e+00 0.00000000e+00 0.00000000e+00 0.00000000e+00 0.00000000e+00 0.00000000e+00 0.00000000e+00
30 32  0.00000000e+00 0.00000000e+00 0.00000000e+00 0.00000000e+00 0.00000000e+00 0.00000000e+00 0.00000000e+00 0.00000000e+00 0.00000000e+00 0.00000000e+00
30 33  0.00000000e+00 0.00000000e+00 0.00000000e+00 0.00000000e+00 0.00000000e+00 0.00000000e+00 0.00000000e+00 0.00000000e+00 0.00000000e+00 0.00000000e+00
30 34  0.00000000e+00 0.00000000e+00 0.00000000e+00 0.00000000e+00 0.00000000e+00 0.00000000e+00 0.00000000e+00 0.00000000e+00 0.00000000e+00 0.00000000e+00
31 32  0.00000000e+00 0.00000000e+00 0.00000000e+00 0.00000000e+00 0.00000000e+00 0.00000000e+00 0.00000000e+00 0.00000000e+00 0.00000000e+00 0.00000000e+00
31 33  0.00000000e+00 0.00000000e+00 0.00000000e+00 0.00000000e+00 0.00000000e+00 0.00000000e+00 0.00000000e+00 0.00000000e+00 0.00000000e+00 0.00000000e+00
31 34  0.00000000e+00 0.00000000e+00 0.00000000e+00 0.00000000e+00 0.00000000e+00 0.00000000e+00 0.00000000e+00 0.00000000e+00 0.00000000e+00 0.00000000e+00
32 33  0.00000000e+00 0.00000000e+00 0.00000000e+00 0.00000000e+00 0.00000000e+00 0.00000000e+00 0.00000000e+00 0.00000000e+00 0.00000000e+00 0.00000000e+00
32 34  0.00000000e+00 0.00000000e+00 0.00000000e+00 0.00000000e+00 0.00000000e+00 0.00000000e+00 0.00000000e+00 0.00000000e+00 0.00000000e+00 0.00000000e+00
33 34  0.00000000e+00 0.00000000e+00 0.00000000e+00 0.00000000e+00 0.00000000e+00 0.00000000e+00 0.00000000e+00 0.00000000e+00 0.00000000e+00 0.00000000e+00
*** Fe III collision strengths
*** ATOM iron
*** SPECTRUM 3
*** N_LEVELS 34
*** GSCONFIG d6
*** T_UNIT K
*** NOTE1 Collision strengths
*** SOURCE1 Badnell and Ballance 2014 2014arXiv1402.4743B
