 0  0 9.80e+03 2.45e+04 4.90e+04 9.80e+04 2.45e+05 4.90e+05 9.80e+05 2.45e+06 4.90e+06 9.80e+06 2.45e+07 4.90e+07 9.80e+07
 1  2 3.25e-01 4.33e-01 4.67e-01 4.81e-01 4.28e-01 3.45e-01 2.57e-01 1.54e-01 9.78e-02 5.93e-02 2.91e-02 1.65e-02 9.25e-03
 1  3 4.05e-01 5.12e-01 4.81e-01 4.35e-01 3.42e-01 2.57e-01 1.84e-01 1.15e-01 8.37e-02 6.65e-02 5.59e-02 5.25e-02 5.09e-02
 1  4 9.98e-02 1.09e-01 1.17e-01 1.17e-01 1.05e-01 9.30e-02 7.75e-02 5.22e-02 3.49e-02 2.19e-02 1.11e-02 6.43e-03 3.67e-03
 1  5 1.65e-02 1.61e-02 1.66e-02 1.64e-02 1.52e-02 1.46e-02 1.30e-02 8.67e-03 5.55e-03 3.30e-03 1.56e-03 8.62e-04 4.70e-04
 1  6 1.67e-01 1.17e-01 9.25e-02 7.59e-02 5.44e-02 4.15e-02 3.15e-02 2.02e-02 1.34e-02 8.51e-03 4.38e-03 2.57e-03 1.47e-03
 1  7 2.92e-02 3.40e-02 3.43e-02 3.06e-02 2.51e-02 2.30e-02 2.00e-02 1.40e-02 9.53e-03 6.12e-03 3.19e-03 1.88e-03 1.09e-03
 1  8 4.19e-01 4.30e-01 4.34e-01 4.38e-01 4.55e-01 4.83e-01 5.27e-01 6.15e-01 7.04e-01 8.07e-01 9.51e-01 1.06e+00 1.18e+00
 1  9 4.01e-02 4.83e-02 4.82e-02 3.84e-02 2.30e-02 1.57e-02 1.08e-02 5.82e-03 3.35e-03 1.86e-03 8.44e-04 4.79e-04 2.88e-04
 2  3 1.37e+00 1.72e+00 1.67e+00 1.58e+00 1.30e+00 1.01e+00 7.34e-01 4.50e-01 3.10e-01 2.23e-01 1.62e-01 1.38e-01 1.26e-01
 2  4 3.22e-01 3.48e-01 3.65e-01 3.60e-01 3.20e-01 2.83e-01 2.35e-01 1.59e-01 1.06e-01 6.66e-02 3.37e-02 1.96e-02 1.11e-02
 2  5 5.01e-02 4.93e-02 4.99e-02 4.86e-02 4.46e-02 4.27e-02 3.77e-02 2.52e-02 1.61e-02 9.57e-03 4.44e-03 2.39e-03 1.26e-03
 2  6 5.21e-01 3.67e-01 2.85e-01 2.28e-01 1.61e-01 1.22e-01 9.31e-02 6.00e-02 4.07e-02 2.76e-02 1.81e-02 1.46e-02 1.28e-02
 2  7 1.00e+00 1.04e+00 1.04e+00 1.04e+00 1.06e+00 1.11e+00 1.20e+00 1.39e+00 1.59e+00 1.82e+00 2.14e+00 2.39e+00 2.65e+00
 2  8 3.47e-01 3.53e-01 3.51e-01 3.43e-01 3.43e-01 3.57e-01 3.80e-01 4.29e-01 4.83e-01 5.46e-01 6.38e-01 7.12e-01 7.87e-01
 2  9 1.55e-01 1.74e-01 1.65e-01 1.31e-01 8.56e-02 6.56e-02 5.04e-02 3.13e-02 2.00e-02 1.22e-02 6.13e-03 3.58e-03 2.10e-03
 3  4 5.65e-01 6.17e-01 6.45e-01 6.33e-01 5.60e-01 4.91e-01 4.07e-01 2.74e-01 1.83e-01 1.15e-01 5.88e-02 3.44e-02 1.99e-02
 3  5 8.64e-02 8.46e-02 8.61e-02 8.46e-02 7.78e-02 7.39e-02 6.46e-02 4.30e-02 2.77e-02 1.65e-02 7.90e-03 4.41e-03 2.45e-03
 3  6 9.44e-01 6.56e-01 5.09e-01 4.15e-01 2.95e-01 2.22e-01 1.65e-01 1.04e-01 7.00e-02 4.71e-02 3.07e-02 2.46e-02 2.15e-02
 3  7 4.75e-01 4.96e-01 4.77e-01 4.29e-01 3.77e-01 3.67e-01 3.73e-01 4.00e-01 4.38e-01 4.88e-01 5.66e-01 6.29e-01 6.94e-01
 3  8 1.31e-01 1.46e-01 1.40e-01 1.12e-01 7.47e-02 5.83e-02 4.79e-02 3.82e-02 3.46e-02 3.40e-02 3.62e-02 3.90e-02 4.25e-02
 3  9 1.98e+00 2.02e+00 2.00e+00 1.95e+00 1.94e+00 2.02e+00 2.17e+00 2.49e+00 2.83e+00 3.22e+00 3.78e+00 4.22e+00 4.67e+00
 4  5 5.47e-01 4.30e-01 4.47e-01 4.49e-01 3.88e-01 3.17e-01 2.54e-01 2.03e-01 1.90e-01 1.91e-01 1.98e-01 2.04e-01 2.09e-01
 4  6 1.75e-03 1.44e-03 2.33e-03 3.73e-03 3.59e-03 2.92e-03 2.46e-03 1.61e-03 9.86e-04 5.54e-04 2.44e-04 1.32e-04 7.38e-05
 4  7 2.54e-01 2.75e-01 2.56e-01 2.27e-01 1.77e-01 1.47e-01 1.20e-01 8.19e-02 5.71e-02 3.99e-02 2.72e-02 2.25e-02 2.01e-02
 4  8 1.55e-01 1.70e-01 1.59e-01 1.41e-01 1.09e-01 9.01e-02 7.33e-02 4.97e-02 3.46e-02 2.41e-02 1.64e-02 1.35e-02 1.21e-02
 4  9 3.61e-01 3.87e-01 3.59e-01 3.18e-01 2.48e-01 2.07e-01 1.69e-01 1.16e-01 8.15e-02 5.79e-02 4.09e-02 3.49e-02 3.20e-02
 5  6 2.50e-03 1.68e-03 1.10e-03 7.96e-04 5.33e-04 4.28e-04 3.87e-04 2.69e-04 1.67e-04 9.36e-05 4.03e-05 2.07e-05 1.05e-05
 5  7 3.14e-02 2.64e-02 2.06e-02 1.57e-02 9.70e-03 6.82e-03 4.84e-03 2.67e-03 1.53e-03 8.24e-04 3.48e-04 1.78e-04 9.07e-05
 5  8 1.98e-02 1.83e-02 1.48e-02 1.12e-02 6.83e-03 4.79e-03 3.44e-03 2.04e-03 1.33e-03 9.13e-04 6.69e-04 6.08e-04 6.00e-04
 5  9 4.57e-02 3.79e-02 2.95e-02 2.25e-02 1.41e-02 9.83e-03 6.83e-03 3.70e-03 2.10e-03 1.13e-03 4.73e-04 2.42e-04 1.23e-04
 6  7 2.92e-01 2.75e-01 2.69e-01 2.57e-01 2.36e-01 2.17e-01 1.88e-01 1.32e-01 9.11e-02 5.89e-02 3.09e-02 1.83e-02 1.06e-02
 6  8 1.74e-01 1.64e-01 1.61e-01 1.54e-01 1.41e-01 1.30e-01 1.13e-01 7.94e-02 5.48e-02 3.54e-02 1.86e-02 1.10e-02 6.36e-03
 6  9 4.18e-01 3.88e-01 3.78e-01 3.61e-01 3.31e-01 3.05e-01 2.64e-01 1.85e-01 1.28e-01 8.26e-02 4.33e-02 2.57e-02 1.49e-02
 7  8 5.57e-01 6.11e-01 6.61e-01 6.45e-01 5.56e-01 4.84e-01 3.97e-01 2.64e-01 1.76e-01 1.11e-01 5.73e-02 3.36e-02 1.92e-02
 7  9 7.52e-01 8.28e-01 9.31e-01 9.16e-01 7.65e-01 6.49e-01 5.24e-01 3.42e-01 2.26e-01 1.41e-01 7.23e-02 4.25e-02 2.47e-02
 8  9 1.67e-01 1.98e-01 2.58e-01 2.62e-01 1.99e-01 1.56e-01 1.19e-01 7.23e-02 4.54e-02 2.71e-02 1.32e-02 7.51e-03 4.28e-03
*** Mg VII collision strengths 
*** SOURCE1  J. Mao, N. R. Badnell, and G. Del Zanna 2020, A&A, 634, A7
*** NOTE1    Collision strengths
*** ATOM magnesium
*** SPECTRUM 7
*** N_LEVELS 9
*** GSCONFIG p2 
*** T_UNIT K
