 0  0 8.00e+02 2.00e+03 4.00e+03 8.00e+03 2.00e+04 4.00e+04 8.00e+04 2.00e+05 4.00e+05 8.00e+05 2.00e+06 4.00e+06 8.00e+06
 1  2 2.38e-01 2.71e-01 3.96e-01 4.83e-01 5.07e-01 5.31e-01 5.63e-01 5.44e-01 4.67e-01 3.60e-01 2.24e-01 1.45e-01 8.98e-02
 1  3 1.09e-01 1.47e-01 2.02e-01 2.63e-01 3.20e-01 3.48e-01 3.55e-01 3.30e-01 2.98e-01 2.72e-01 2.55e-01 2.51e-01 2.50e-01
 1  4 2.00e-01 2.29e-01 2.38e-01 2.45e-01 2.61e-01 2.84e-01 3.06e-01 2.92e-01 2.46e-01 1.87e-01 1.16e-01 7.49e-02 4.64e-02
 1  5 3.19e-02 3.47e-02 3.58e-02 3.68e-02 3.84e-02 4.08e-02 4.26e-02 3.94e-02 3.25e-02 2.44e-02 1.48e-02 9.50e-03 5.85e-03
 1  6 1.22e-01 1.31e-01 1.33e-01 1.34e-01 1.37e-01 1.42e-01 1.38e-01 1.16e-01 9.52e-02 7.35e-02 4.70e-02 3.11e-02 1.96e-02
 1  7 4.53e-01 4.07e-01 3.85e-01 3.85e-01 4.39e-01 5.41e-01 7.02e-01 1.01e+00 1.33e+00 1.71e+00 2.25e+00 2.68e+00 3.13e+00
 1  8 9.83e-02 9.38e-02 9.39e-02 9.56e-02 9.75e-02 9.84e-02 9.48e-02 8.13e-02 6.68e-02 5.10e-02 3.18e-02 2.07e-02 1.29e-02
 1  9 1.26e-01 8.03e-02 6.87e-02 6.85e-02 6.22e-02 5.29e-02 4.29e-02 3.04e-02 2.24e-02 1.59e-02 9.59e-03 6.32e-03 4.11e-03
 2  3 3.99e-01 6.10e-01 9.27e-01 1.19e+00 1.35e+00 1.44e+00 1.50e+00 1.42e+00 1.25e+00 1.06e+00 8.53e-01 7.45e-01 6.75e-01
 2  4 6.02e-01 6.86e-01 7.14e-01 7.36e-01 7.83e-01 8.54e-01 9.21e-01 8.78e-01 7.40e-01 5.64e-01 3.48e-01 2.25e-01 1.39e-01
 2  5 9.61e-02 1.04e-01 1.08e-01 1.11e-01 1.15e-01 1.23e-01 1.28e-01 1.18e-01 9.78e-02 7.30e-02 4.40e-02 2.80e-02 1.71e-02
 2  6 3.65e-01 3.92e-01 3.99e-01 4.01e-01 4.10e-01 4.23e-01 4.11e-01 3.48e-01 2.89e-01 2.41e-01 2.00e-01 1.84e-01 1.75e-01
 2  7 4.72e-01 4.31e-01 4.14e-01 4.16e-01 4.58e-01 5.34e-01 6.48e-01 8.59e-01 1.08e+00 1.34e+00 1.72e+00 2.04e+00 2.36e+00
 2  8 1.17e+00 1.02e+00 9.64e-01 9.67e-01 1.08e+00 1.30e+00 1.65e+00 2.33e+00 3.04e+00 3.88e+00 5.09e+00 6.05e+00 7.06e+00
 2  9 3.91e-01 2.92e-01 2.69e-01 2.71e-01 2.62e-01 2.44e-01 2.18e-01 1.74e-01 1.38e-01 1.04e-01 6.55e-02 4.36e-02 2.80e-02
 3  4 1.01e+00 1.15e+00 1.19e+00 1.23e+00 1.31e+00 1.43e+00 1.54e+00 1.47e+00 1.24e+00 9.43e-01 5.82e-01 3.77e-01 2.33e-01
 3  5 1.62e-01 1.76e-01 1.81e-01 1.86e-01 1.94e-01 2.06e-01 2.15e-01 1.98e-01 1.64e-01 1.23e-01 7.45e-02 4.79e-02 2.95e-02
 3  6 6.08e-01 6.53e-01 6.65e-01 6.68e-01 6.83e-01 7.05e-01 6.86e-01 5.80e-01 4.82e-01 4.01e-01 3.33e-01 3.06e-01 2.91e-01
 3  7 2.92e-01 2.06e-01 1.84e-01 1.84e-01 1.77e-01 1.66e-01 1.54e-01 1.40e-01 1.35e-01 1.37e-01 1.50e-01 1.66e-01 1.84e-01
 3  8 7.64e-01 6.29e-01 5.88e-01 5.91e-01 6.24e-01 6.80e-01 7.68e-01 9.43e-01 1.14e+00 1.38e+00 1.74e+00 2.04e+00 2.36e+00
 3  9 2.35e+00 2.07e+00 1.96e+00 1.97e+00 2.20e+00 2.61e+00 3.25e+00 4.49e+00 5.78e+00 7.31e+00 9.52e+00 1.13e+01 1.32e+01
 4  5 7.18e-01 7.08e-01 6.53e-01 5.85e-01 5.37e-01 5.64e-01 6.14e-01 6.76e-01 7.27e-01 7.99e-01 9.11e-01 9.87e-01 1.04e+00
 4  6 9.30e-06 9.99e-06 1.02e-05 1.13e-05 1.86e-04 6.87e-04 9.73e-04 7.51e-04 4.74e-04 2.68e-04 1.17e-04 6.14e-05 3.25e-05
 4  7 3.71e-01 3.73e-01 3.74e-01 3.72e-01 3.68e-01 3.64e-01 3.44e-01 2.91e-01 2.46e-01 2.09e-01 1.80e-01 1.68e-01 1.62e-01
 4  8 6.20e-01 6.22e-01 6.24e-01 6.20e-01 6.13e-01 6.07e-01 5.74e-01 4.85e-01 4.10e-01 3.48e-01 2.99e-01 2.79e-01 2.69e-01
 4  9 8.72e-01 8.72e-01 8.73e-01 8.68e-01 8.58e-01 8.49e-01 8.03e-01 6.78e-01 5.72e-01 4.87e-01 4.18e-01 3.90e-01 3.76e-01
 5  6 2.42e-06 2.60e-06 2.64e-06 2.70e-06 1.08e-05 4.03e-05 6.57e-05 5.94e-05 4.04e-05 2.38e-05 1.06e-05 5.53e-06 2.84e-06
 5  7 9.19e-03 1.07e-02 1.38e-02 1.63e-02 1.70e-02 1.51e-02 1.18e-02 7.35e-03 4.83e-03 3.16e-03 1.93e-03 1.48e-03 1.25e-03
 5  8 1.54e-02 1.80e-02 2.31e-02 2.75e-02 2.89e-02 2.56e-02 1.99e-02 1.23e-02 8.01e-03 4.98e-03 2.50e-03 1.42e-03 7.90e-04
 5  9 2.18e-02 2.52e-02 3.24e-02 3.89e-02 4.12e-02 3.65e-02 2.83e-02 1.75e-02 1.14e-02 7.13e-03 3.69e-03 2.19e-03 1.27e-03
 6  7 4.21e-01 4.35e-01 4.41e-01 4.44e-01 4.50e-01 4.63e-01 4.72e-01 4.39e-01 3.78e-01 2.99e-01 1.94e-01 1.30e-01 8.29e-02
 6  8 7.05e-01 7.27e-01 7.36e-01 7.42e-01 7.52e-01 7.73e-01 7.86e-01 7.32e-01 6.30e-01 4.98e-01 3.24e-01 2.17e-01 1.38e-01
 6  9 9.92e-01 1.02e+00 1.02e+00 1.03e+00 1.04e+00 1.08e+00 1.10e+00 1.02e+00 8.81e-01 6.97e-01 4.53e-01 3.04e-01 1.93e-01
 7  8 7.89e-01 7.54e-01 7.37e-01 7.24e-01 7.87e-01 8.84e-01 9.63e-01 9.64e-01 8.66e-01 7.04e-01 4.64e-01 3.10e-01 1.97e-01
 7  9 4.27e-01 3.55e-01 3.44e-01 3.62e-01 4.25e-01 4.36e-01 3.94e-01 3.04e-01 2.33e-01 1.70e-01 1.02e-01 6.55e-02 4.03e-02
 8  9 1.22e+00 1.12e+00 1.09e+00 1.09e+00 1.21e+00 1.32e+00 1.37e+00 1.28e+00 1.11e+00 8.87e-01 5.76e-01 3.82e-01 2.41e-01
*** N II collision strengths 
*** SOURCE1  J. Mao, N. R. Badnell, and G. Del Zanna 2020, A&A, 634, A7
*** NOTE1    Collision strengths
*** ATOM nitrogen
*** SPECTRUM 2
*** N_LEVELS 9
*** GSCONFIG p2 
*** T_UNIT K
