0 0 2.000e-01 3.000e-01 4.000e-01 5.000e-01 6.000e-01 7.000e-01 8.000e-01 9.000e-01 1.000e+00 1.100e+00 1.200e+00 1.300e+00 1.400e+00 1.500e+00 1.600e+00 1.800e+00 2.000e+00 2.200e+00 2.400e+00 2.600e+00 2.800e+00 3.000e+00 3.200e+00 3.400e+00 3.600e+00 3.800e+00 4.000e+00
1 2 1.286e+00 1.287e+00 1.298e+00 1.316e+00 1.340e+00 1.367e+00 1.394e+00 1.420e+00 1.445e+00 1.469e+00 1.492e+00 1.514e+00 1.534e+00 1.554e+00 1.573e+00 1.609e+00 1.642e+00 1.674e+00 1.704e+00 1.734e+00 1.762e+00 1.790e+00 1.816e+00 1.841e+00 1.865e+00 1.887e+00 1.909e+00
1 3 1.909e-01 1.882e-01 1.879e-01 1.889e-01 1.905e-01 1.924e-01 1.944e-01 1.962e-01 1.979e-01 1.995e-01 2.009e-01 2.021e-01 2.032e-01 2.041e-01 2.049e-01 2.061e-01 2.068e-01 2.073e-01 2.074e-01 2.074e-01 2.071e-01 2.067e-01 2.062e-01 2.056e-01 2.049e-01 2.042e-01 2.034e-01
1 4 2.812e-01 2.781e-01 2.784e-01 2.806e-01 2.838e-01 2.874e-01 2.910e-01 2.945e-01 2.978e-01 3.007e-01 3.034e-01 3.058e-01 3.079e-01 3.098e-01 3.114e-01 3.139e-01 3.157e-01 3.168e-01 3.175e-01 3.177e-01 3.176e-01 3.172e-01 3.166e-01 3.158e-01 3.149e-01 3.139e-01 3.127e-01
1 5 1.705e-01 1.713e-01 1.741e-01 1.780e-01 1.826e-01 1.875e-01 1.923e-01 1.969e-01 2.013e-01 2.054e-01 2.091e-01 2.126e-01 2.157e-01 2.185e-01 2.210e-01 2.252e-01 2.285e-01 2.310e-01 2.328e-01 2.341e-01 2.350e-01 2.354e-01 2.356e-01 2.354e-01 2.351e-01 2.346e-01 2.339e-01
2 3 1.304e-01 1.306e-01 1.323e-01 1.349e-01 1.380e-01 1.412e-01 1.445e-01 1.476e-01 1.506e-01 1.533e-01 1.558e-01 1.581e-01 1.602e-01 1.621e-01 1.637e-01 1.665e-01 1.687e-01 1.703e-01 1.715e-01 1.723e-01 1.727e-01 1.730e-01 1.730e-01 1.728e-01 1.725e-01 1.721e-01 1.716e-01
2 4 3.614e-01 3.596e-01 3.619e-01 3.669e-01 3.732e-01 3.799e-01 3.866e-01 3.931e-01 3.992e-01 4.049e-01 4.100e-01 4.147e-01 4.189e-01 4.226e-01 4.259e-01 4.313e-01 4.353e-01 4.383e-01 4.403e-01 4.415e-01 4.421e-01 4.421e-01 4.418e-01 4.410e-01 4.400e-01 4.387e-01 4.373e-01
2 5 7.933e-01 7.852e-01 7.864e-01 7.933e-01 8.029e-01 8.135e-01 8.242e-01 8.346e-01 8.442e-01 8.530e-01 8.610e-01 8.681e-01 8.745e-01 8.800e-01 8.848e-01 8.926e-01 8.980e-01 9.017e-01 9.038e-01 9.047e-01 9.046e-01 9.036e-01 9.020e-01 8.999e-01 8.973e-01 8.943e-01 8.911e-01
3 4 9.571e-01 9.687e-01 9.904e-01 1.015e+00 1.037e+00 1.057e+00 1.074e+00 1.089e+00 1.102e+00 1.112e+00 1.121e+00 1.128e+00 1.135e+00 1.140e+00 1.145e+00 1.152e+00 1.158e+00 1.163e+00 1.167e+00 1.171e+00 1.174e+00 1.178e+00 1.181e+00 1.185e+00 1.189e+00 1.192e+00 1.196e+00
3 5 5.678e-01 5.797e-01 5.959e-01 6.121e-01 6.267e-01 6.394e-01 6.502e-01 6.595e-01 6.675e-01 6.744e-01 6.804e-01 6.857e-01 6.904e-01 6.946e-01 6.983e-01 7.050e-01 7.108e-01 7.161e-01 7.210e-01 7.257e-01 7.304e-01 7.350e-01 7.395e-01 7.441e-01 7.485e-01 7.530e-01 7.573e-01
4 5 1.760e+00 1.788e+00 1.832e+00 1.879e+00 1.922e+00 1.960e+00 1.993e+00 2.020e+00 2.044e+00 2.064e+00 2.081e+00 2.096e+00 2.109e+00 2.120e+00 2.130e+00 2.147e+00 2.161e+00 2.172e+00 2.183e+00 2.193e+00 2.203e+00 2.213e+00 2.223e+00 2.232e+00 2.242e+00 2.251e+00 2.261e+00
1 6 1.707e+00 1.745e+00 1.765e+00 1.779e+00 1.790e+00 1.799e+00 1.806e+00 1.812e+00 1.818e+00 1.822e+00 1.826e+00 1.830e+00 1.832e+00 1.835e+00 1.837e+00 1.841e+00 1.843e+00 1.846e+00 1.847e+00 1.849e+00 1.851e+00 1.852e+00 1.854e+00 1.856e+00 1.857e+00 1.859e+00 1.860e+00
1 7 5.357e-01 5.596e-01 5.593e-01 5.551e-01 5.516e-01 5.495e-01 5.485e-01 5.481e-01 5.481e-01 5.482e-01 5.483e-01 5.482e-01 5.480e-01 5.475e-01 5.469e-01 5.451e-01 5.426e-01 5.396e-01 5.362e-01 5.324e-01 5.284e-01 5.242e-01 5.200e-01 5.156e-01 5.112e-01 5.068e-01 5.024e-01
1 8 6.938e-01 6.962e-01 6.969e-01 6.968e-01 6.963e-01 6.957e-01 6.950e-01 6.945e-01 6.940e-01 6.937e-01 6.935e-01 6.934e-01 6.934e-01 6.935e-01 6.936e-01 6.941e-01 6.949e-01 6.958e-01 6.968e-01 6.979e-01 6.991e-01 7.003e-01 7.016e-01 7.030e-01 7.043e-01 7.057e-01 7.071e-01
2 6 9.843e-01 1.020e+00 1.024e+00 1.022e+00 1.020e+00 1.019e+00 1.019e+00 1.020e+00 1.021e+00 1.022e+00 1.023e+00 1.024e+00 1.024e+00 1.024e+00 1.024e+00 1.022e+00 1.020e+00 1.017e+00 1.013e+00 1.009e+00 1.004e+00 9.996e-01 9.948e-01 9.899e-01 9.849e-01 9.800e-01 9.751e-01
2 7 3.502e+00 3.588e+00 3.625e+00 3.646e+00 3.663e+00 3.677e+00 3.690e+00 3.701e+00 3.711e+00 3.719e+00 3.726e+00 3.732e+00 3.737e+00 3.741e+00 3.744e+00 3.749e+00 3.752e+00 3.754e+00 3.754e+00 3.754e+00 3.754e+00 3.753e+00 3.752e+00 3.751e+00 3.751e+00 3.750e+00 3.749e+00
2 8 1.388e+00 1.392e+00 1.394e+00 1.394e+00 1.393e+00 1.391e+00 1.390e+00 1.389e+00 1.388e+00 1.387e+00 1.387e+00 1.387e+00 1.387e+00 1.387e+00 1.387e+00 1.388e+00 1.390e+00 1.391e+00 1.394e+00 1.396e+00 1.398e+00 1.401e+00 1.403e+00 1.406e+00 1.409e+00 1.411e+00 1.414e+00
3 6 4.966e-01 4.964e-01 4.968e-01 4.979e-01 4.991e-01 5.002e-01 5.010e-01 5.016e-01 5.020e-01 5.022e-01 5.023e-01 5.022e-01 5.021e-01 5.018e-01 5.016e-01 5.009e-01 5.002e-01 4.994e-01 4.986e-01 4.978e-01 4.970e-01 4.962e-01 4.955e-01 4.947e-01 4.939e-01 4.931e-01 4.923e-01
3 7 3.122e-01 3.104e-01 3.085e-01 3.073e-01 3.065e-01 3.061e-01 3.059e-01 3.058e-01 3.057e-01 3.056e-01 3.056e-01 3.055e-01 3.055e-01 3.054e-01 3.053e-01 3.052e-01 3.051e-01 3.049e-01 3.048e-01 3.046e-01 3.045e-01 3.044e-01 3.042e-01 3.040e-01 3.039e-01 3.037e-01 3.034e-01
3 8 9.220e-02 9.200e-02 9.170e-02 9.150e-02 9.140e-02 9.140e-02 9.130e-02 9.130e-02 9.140e-02 9.140e-02 9.150e-02 9.160e-02 9.170e-02 9.180e-02 9.190e-02 9.210e-02 9.240e-02 9.260e-02 9.280e-02 9.300e-02 9.320e-02 9.340e-02 9.350e-02 9.370e-02 9.380e-02 9.390e-02 9.400e-02
4 6 7.854e-01 7.844e-01 7.840e-01 7.848e-01 7.860e-01 7.872e-01 7.882e-01 7.889e-01 7.893e-01 7.896e-01 7.896e-01 7.895e-01 7.893e-01 7.890e-01 7.886e-01 7.877e-01 7.867e-01 7.856e-01 7.845e-01 7.834e-01 7.824e-01 7.813e-01 7.802e-01 7.791e-01 7.781e-01 7.770e-01 7.758e-01
4 7 8.320e-01 8.292e-01 8.267e-01 8.255e-01 8.253e-01 8.255e-01 8.257e-01 8.260e-01 8.261e-01 8.262e-01 8.261e-01 8.260e-01 8.258e-01 8.256e-01 8.253e-01 8.246e-01 8.238e-01 8.231e-01 8.223e-01 8.215e-01 8.207e-01 8.199e-01 8.191e-01 8.183e-01 8.175e-01 8.166e-01 8.157e-01
4 8 1.845e-01 1.840e-01 1.835e-01 1.831e-01 1.828e-01 1.827e-01 1.827e-01 1.827e-01 1.828e-01 1.829e-01 1.830e-01 1.832e-01 1.834e-01 1.836e-01 1.838e-01 1.843e-01 1.847e-01 1.852e-01 1.856e-01 1.860e-01 1.864e-01 1.867e-01 1.871e-01 1.873e-01 1.876e-01 1.878e-01 1.879e-01
5 6 6.590e-01 6.555e-01 6.520e-01 6.497e-01 6.485e-01 6.478e-01 6.475e-01 6.473e-01 6.472e-01 6.471e-01 6.470e-01 6.469e-01 6.467e-01 6.466e-01 6.465e-01 6.461e-01 6.457e-01 6.454e-01 6.450e-01 6.446e-01 6.443e-01 6.439e-01 6.435e-01 6.431e-01 6.427e-01 6.422e-01 6.417e-01
5 7 1.767e+00 1.765e+00 1.764e+00 1.766e+00 1.768e+00 1.771e+00 1.773e+00 1.775e+00 1.776e+00 1.776e+00 1.777e+00 1.776e+00 1.776e+00 1.775e+00 1.774e+00 1.772e+00 1.770e+00 1.768e+00 1.765e+00 1.763e+00 1.760e+00 1.758e+00 1.755e+00 1.753e+00 1.751e+00 1.748e+00 1.746e+00
5 8 2.767e-01 2.760e-01 2.752e-01 2.746e-01 2.742e-01 2.741e-01 2.740e-01 2.740e-01 2.741e-01 2.743e-01 2.745e-01 2.748e-01 2.751e-01 2.754e-01 2.757e-01 2.764e-01 2.771e-01 2.778e-01 2.784e-01 2.790e-01 2.796e-01 2.801e-01 2.806e-01 2.810e-01 2.813e-01 2.816e-01 2.819e-01
6 7 1.151e+00 1.187e+00 1.219e+00 1.251e+00 1.283e+00 1.315e+00 1.345e+00 1.374e+00 1.401e+00 1.425e+00 1.447e+00 1.468e+00 1.486e+00 1.503e+00 1.518e+00 1.545e+00 1.566e+00 1.584e+00 1.599e+00 1.612e+00 1.622e+00 1.630e+00 1.636e+00 1.641e+00 1.645e+00 1.647e+00 1.649e+00
6 8 5.626e-01 5.567e-01 5.540e-01 5.537e-01 5.551e-01 5.573e-01 5.599e-01 5.626e-01 5.652e-01 5.676e-01 5.699e-01 5.719e-01 5.738e-01 5.755e-01 5.771e-01 5.798e-01 5.822e-01 5.842e-01 5.858e-01 5.872e-01 5.884e-01 5.893e-01 5.900e-01 5.905e-01 5.909e-01 5.911e-01 5.911e-01
7 8 8.439e-01 8.351e-01 8.310e-01 8.306e-01 8.326e-01 8.360e-01 8.399e-01 8.439e-01 8.478e-01 8.514e-01 8.548e-01 8.579e-01 8.607e-01 8.633e-01 8.656e-01 8.698e-01 8.733e-01 8.762e-01 8.787e-01 8.808e-01 8.825e-01 8.839e-01 8.850e-01 8.858e-01 8.863e-01 8.866e-01 8.866e-01
*** N III collision strengths 
*** T_UNIT K/10000
*** ATOM nitrogen
*** SPECTRUM 3
*** N_LEVELS 8
*** GSCONFIG p1
*** SOURCE1 Blum & Pradhan, 1992, ApJ Suppl., 80, 425
*** NOTE1 All collision strengths
