 0  0 7.20e+03 1.80e+04 3.60e+04 7.20e+04 1.80e+05 3.60e+05 7.20e+05 1.80e+06 3.60e+06 7.20e+06 1.80e+07 3.60e+07 7.20e+07
 1  2 9.74e-01 8.73e-01 7.61e-01 6.61e-01 5.47e-01 4.41e-01 3.30e-01 2.02e-01 1.29e-01 7.87e-02 3.84e-02 2.16e-02 1.18e-02
 1  3 6.67e-01 5.30e-01 4.52e-01 4.05e-01 3.48e-01 2.82e-01 2.12e-01 1.37e-01 1.02e-01 8.17e-02 6.93e-02 6.54e-02 6.37e-02
 1  4 1.45e-01 1.39e-01 1.40e-01 1.44e-01 1.37e-01 1.22e-01 1.02e-01 6.96e-02 4.70e-02 2.98e-02 1.52e-02 8.89e-03 5.09e-03
 1  5 1.70e-02 1.77e-02 1.84e-02 1.88e-02 1.82e-02 1.76e-02 1.57e-02 1.07e-02 6.96e-03 4.21e-03 2.03e-03 1.13e-03 6.24e-04
 1  6 5.73e-02 5.92e-02 6.83e-02 7.08e-02 5.94e-02 4.79e-02 3.76e-02 2.51e-02 1.71e-02 1.10e-02 5.79e-03 3.43e-03 1.98e-03
 1  7 4.53e-01 4.76e-01 4.85e-01 4.94e-01 5.15e-01 5.47e-01 5.98e-01 7.01e-01 8.07e-01 9.30e-01 1.10e+00 1.24e+00 1.38e+00
 1  8 5.54e-02 5.06e-02 4.50e-02 3.93e-02 3.26e-02 2.95e-02 2.56e-02 1.80e-02 1.25e-02 8.11e-03 4.29e-03 2.55e-03 1.48e-03
 1  9 5.18e-02 5.25e-02 4.52e-02 3.60e-02 2.40e-02 1.74e-02 1.24e-02 6.91e-03 4.05e-03 2.28e-03 1.07e-03 6.20e-04 3.82e-04
 2  3 2.59e+00 2.22e+00 1.93e+00 1.72e+00 1.47e+00 1.19e+00 8.98e-01 5.66e-01 3.93e-01 2.84e-01 2.06e-01 1.76e-01 1.59e-01
 2  4 4.40e-01 4.24e-01 4.29e-01 4.39e-01 4.15e-01 3.71e-01 3.10e-01 2.11e-01 1.43e-01 9.05e-02 4.63e-02 2.70e-02 1.54e-02
 2  5 5.20e-02 5.42e-02 5.61e-02 5.70e-02 5.51e-02 5.32e-02 4.73e-02 3.23e-02 2.10e-02 1.26e-02 5.87e-03 3.16e-03 1.66e-03
 2  6 1.86e-01 1.89e-01 2.14e-01 2.19e-01 1.83e-01 1.46e-01 1.14e-01 7.56e-02 5.24e-02 3.62e-02 2.41e-02 1.96e-02 1.73e-02
 2  7 3.87e-01 4.01e-01 4.01e-01 3.98e-01 4.02e-01 4.19e-01 4.48e-01 5.08e-01 5.73e-01 6.52e-01 7.67e-01 8.59e-01 9.53e-01
 2  8 1.21e+00 1.22e+00 1.21e+00 1.19e+00 1.21e+00 1.26e+00 1.37e+00 1.59e+00 1.82e+00 2.10e+00 2.49e+00 2.79e+00 3.10e+00
 2  9 1.97e-01 1.91e-01 1.63e-01 1.32e-01 9.50e-02 7.68e-02 6.10e-02 3.92e-02 2.56e-02 1.59e-02 8.16e-03 4.84e-03 2.86e-03
 3  4 7.49e-01 7.18e-01 7.24e-01 7.40e-01 7.02e-01 6.29e-01 5.27e-01 3.59e-01 2.43e-01 1.54e-01 7.93e-02 4.64e-02 2.68e-02
 3  5 8.86e-02 9.22e-02 9.57e-02 9.79e-02 9.51e-02 9.14e-02 8.10e-02 5.52e-02 3.60e-02 2.18e-02 1.05e-02 5.91e-03 3.28e-03
 3  6 2.75e-01 2.96e-01 3.50e-01 3.69e-01 3.12e-01 2.50e-01 1.94e-01 1.28e-01 8.83e-02 6.08e-02 4.05e-02 3.29e-02 2.89e-02
 3  7 1.61e-01 1.57e-01 1.33e-01 1.08e-01 7.96e-02 6.63e-02 5.70e-02 4.73e-02 4.37e-02 4.35e-02 4.67e-02 5.07e-02 5.54e-02
 3  8 5.18e-01 5.25e-01 4.94e-01 4.61e-01 4.33e-01 4.33e-01 4.47e-01 4.87e-01 5.38e-01 6.04e-01 7.05e-01 7.87e-01 8.73e-01
 3  9 2.18e+00 2.23e+00 2.22e+00 2.19e+00 2.22e+00 2.32e+00 2.50e+00 2.89e+00 3.29e+00 3.77e+00 4.46e+00 5.00e+00 5.56e+00
 4  5 1.24e-01 1.47e-01 1.96e-01 2.84e-01 3.50e-01 3.29e-01 2.84e-01 2.39e-01 2.29e-01 2.33e-01 2.46e-01 2.56e-01 2.62e-01
 4  6 4.41e-03 1.00e-02 1.00e-02 8.39e-03 5.57e-03 3.78e-03 2.68e-03 1.57e-03 9.29e-04 5.13e-04 2.23e-04 1.19e-04 6.48e-05
 4  7 1.87e-01 1.58e-01 1.56e-01 1.49e-01 1.26e-01 1.08e-01 8.90e-02 6.21e-02 4.42e-02 3.14e-02 2.18e-02 1.82e-02 1.63e-02
 4  8 3.10e-01 2.52e-01 2.47e-01 2.39e-01 2.04e-01 1.76e-01 1.46e-01 1.02e-01 7.30e-02 5.19e-02 3.61e-02 3.02e-02 2.72e-02
 4  9 4.39e-01 3.54e-01 3.45e-01 3.34e-01 2.85e-01 2.45e-01 2.04e-01 1.43e-01 1.03e-01 7.36e-02 5.20e-02 4.41e-02 4.01e-02
 5  6 2.90e-04 6.13e-04 6.57e-04 5.88e-04 4.14e-04 3.26e-04 2.96e-04 2.10e-04 1.32e-04 7.46e-05 3.22e-05 1.66e-05 8.40e-06
 5  7 1.01e-02 1.16e-02 1.13e-02 9.68e-03 6.85e-03 5.29e-03 4.08e-03 2.47e-03 1.54e-03 9.71e-04 5.99e-04 4.84e-04 4.41e-04
 5  8 1.76e-02 1.85e-02 1.70e-02 1.45e-02 1.03e-02 7.94e-03 6.03e-03 3.49e-03 2.03e-03 1.11e-03 4.70e-04 2.41e-04 1.22e-04
 5  9 2.76e-02 2.88e-02 2.62e-02 2.19e-02 1.51e-02 1.11e-02 8.09e-03 4.54e-03 2.62e-03 1.42e-03 6.03e-04 3.10e-04 1.58e-04
 6  7 1.89e-01 1.93e-01 1.94e-01 1.92e-01 1.80e-01 1.67e-01 1.45e-01 1.04e-01 7.25e-02 4.74e-02 2.52e-02 1.50e-02 8.73e-03
 6  8 3.15e-01 3.22e-01 3.24e-01 3.20e-01 3.01e-01 2.79e-01 2.43e-01 1.73e-01 1.21e-01 7.91e-02 4.20e-02 2.50e-02 1.46e-02
 6  9 4.45e-01 4.51e-01 4.53e-01 4.47e-01 4.22e-01 3.91e-01 3.40e-01 2.42e-01 1.69e-01 1.11e-01 5.88e-02 3.51e-02 2.04e-02
 7  8 5.80e-01 5.42e-01 5.45e-01 5.87e-01 6.00e-01 5.60e-01 4.77e-01 3.28e-01 2.24e-01 1.45e-01 7.59e-02 4.50e-02 2.60e-02
 7  9 1.74e-01 1.46e-01 1.50e-01 1.82e-01 1.93e-01 1.71e-01 1.37e-01 8.66e-02 5.55e-02 3.37e-02 1.66e-02 9.55e-03 5.43e-03
 8  9 7.99e-01 7.21e-01 7.19e-01 7.89e-01 8.12e-01 7.49e-01 6.29e-01 4.24e-01 2.86e-01 1.83e-01 9.50e-02 5.62e-02 3.27e-02
*** Na VI collision strengths 
*** SOURCE1  J. Mao, N. R. Badnell, and G. Del Zanna 2020, A&A, 634, A7
*** NOTE1    Collision strengths
*** ATOM sodium
*** SPECTRUM 6
*** N_LEVELS 9
*** GSCONFIG p2 
*** T_UNIT K
