0 0 5000.0 7000.0 10000.0 15000.0 20000.0 30000.0 40000.0 60000.0 80000.0 100000.0
1 2 2.825 2.891 2.944 2.971 2.941 2.801 2.634 2.329 2.089 1.902 
1 3 0.8344 0.8567 0.8609 0.8446 0.8199 0.7672 0.7188 0.6395 0.5795 0.5332 
1 4 0.5338 0.578 0.6351 0.6961 0.7286 0.7504 0.7467 0.7186 0.6879 0.6616 
1 5 1.603 1.576 1.538 1.48 1.426 1.338 1.268 1.165 1.094 1.043 
1 6 0.4784 0.4825 0.4813 0.4713 0.458 0.4306 0.4062 0.3673 0.3387 0.3172 
1 7 0.1306 0.132 0.1313 0.1284 0.1248 0.1175 0.1107 0.09981 0.09167 0.0855 
1 8 1.198 1.276 1.34 1.396 1.417 1.402 1.356 1.254 1.17 1.104 
1 9 0.05351 0.04924 0.04628 0.04527 0.0457 0.04686 0.04754 0.0479 0.04778 0.04757 
1 10 1.523 1.52 1.491 1.424 1.358 1.24 1.14 0.982 0.8667 0.7802 
1 11 0.7386 0.7317 0.7141 0.6798 0.6477 0.5915 0.5436 0.4677 0.412 0.3702 
1 12 0.3236 0.3181 0.3086 0.2928 0.2787 0.2546 0.2338 0.2007 0.1762 0.1578 
1 13 0.1239 0.1208 0.1165 0.1102 0.1049 0.09581 0.08794 0.07512 0.06553 0.05826 
1 14 0.03922 0.03794 0.03638 0.03435 0.03274 0.02996 0.02745 0.02323 0.02001 0.01755 
1 15 2.304 2.318 2.309 2.298 2.293 2.253 2.174 1.986 1.818 1.683 
1 16 0.8912 0.8889 0.8633 0.8164 0.7772 0.7124 0.6575 0.5707 0.5076 0.4611 
1 17 0.2787 0.2775 0.2658 0.2447 0.2276 0.2013 0.1806 0.1497 0.128 0.112 
1 18 0.4046 0.3937 0.3805 0.3634 0.3487 0.3217 0.2978 0.2592 0.2308 0.2097 
1 19 0.1729 0.166 0.1595 0.1527 0.1469 0.1352 0.1241 0.1053 0.0914 0.08096 
1 20 0.08227 0.07801 0.07454 0.07136 0.06867 0.06298 0.05735 0.04782 0.04071 0.03538 
1 21 2.158 2.033 1.883 1.718 1.612 1.468 1.354 1.174 1.04 0.9382 
1 22 0.7347 0.6943 0.6456 0.589 0.5505 0.4954 0.4525 0.3865 0.3387 0.3032 
1 23 0.1689 0.1579 0.1455 0.1319 0.1227 0.1096 0.09933 0.08367 0.07237 0.06397 
1 24 0.4204 0.4233 0.4241 0.4178 0.4073 0.3834 0.3608 0.3247 0.2992 0.2811 
1 25 0.1254 0.1304 0.1334 0.132 0.1274 0.1159 0.1048 0.08688 0.07395 0.06447 
1 26 0.03436 0.03587 0.03675 0.03642 0.03517 0.03196 0.0288 0.02365 0.01991 0.01717 
1 27 0.5042 0.491 0.4669 0.4305 0.4013 0.3569 0.3234 0.2753 0.2429 0.2198 
1 28 0.1761 0.1687 0.158 0.1436 0.1324 0.1153 0.1022 0.08322 0.07015 0.06069 
1 29 0.05003 0.04721 0.04375 0.03949 0.03634 0.0316 0.02797 0.02264 0.01896 0.01628 
1 30 0.36 0.3567 0.3522 0.3433 0.3331 0.3107 0.2886 0.2508 0.2222 0.2006 
1 31 2.201 2.068 1.913 1.74 1.627 1.469 1.348 1.164 1.033 0.9364 
1 32 0.6817 0.6563 0.6216 0.5769 0.5433 0.4909 0.4486 0.3828 0.3353 0.2999 
1 33 0.1124 0.1094 0.1051 0.09889 0.09373 0.08487 0.0772 0.06494 0.05597 0.04927 
1 34 0.7755 0.7853 0.7696 0.7335 0.7029 0.6509 0.6045 0.526 0.466 0.4204 
2 3 2.285 2.337 2.387 2.423 2.409 2.302 2.167 1.914 1.713 1.556 
2 4 0.4152 0.4496 0.494 0.5414 0.5667 0.5836 0.5807 0.5589 0.5351 0.5145 
2 5 0.8291 0.8256 0.8147 0.7909 0.7656 0.719 0.6798 0.6195 0.5762 0.5444 
2 6 0.7301 0.7157 0.6955 0.6668 0.6423 0.6025 0.5713 0.5256 0.4939 0.4715 
2 7 0.1615 0.1625 0.1625 0.1595 0.1549 0.1454 0.1373 0.1245 0.1153 0.1085 
2 8 0.9317 0.9927 1.042 1.086 1.102 1.09 1.054 0.9757 0.91 0.859 
2 9 0.04162 0.0383 0.03599 0.03521 0.03554 0.03645 0.03698 0.03726 0.03716 0.037 
2 10 0.4124 0.4037 0.3904 0.3696 0.3516 0.321 0.2948 0.2531 0.2222 0.199 
2 11 0.6502 0.6501 0.639 0.6111 0.583 0.5328 0.4897 0.4215 0.3717 0.3342 
2 12 0.5482 0.5474 0.5375 0.5137 0.49 0.4477 0.4115 0.3543 0.3124 0.281 
2 13 0.351 0.3479 0.3397 0.3235 0.3082 0.2815 0.2587 0.2226 0.1962 0.1763 
2 14 0.1762 0.1728 0.1673 0.1584 0.1507 0.1375 0.1263 0.1087 0.09565 0.08586 
2 15 0.8909 0.8885 0.8629 0.8158 0.7764 0.7112 0.6561 0.5687 0.5052 0.4583 
2 16 1.1 1.112 1.12 1.139 1.16 1.171 1.147 1.064 0.9811 0.9112 
2 17 0.7116 0.71 0.6919 0.6583 0.63 0.5819 0.5403 0.4733 0.4243 0.3881 
2 18 0.2023 0.1947 0.1872 0.1792 0.1723 0.1587 0.1458 0.1244 0.1084 0.09648 
2 19 0.2135 0.2071 0.1998 0.1907 0.1829 0.1685 0.1557 0.1352 0.1202 0.109 
2 20 0.09736 0.09423 0.09085 0.08698 0.08367 0.07723 0.07117 0.06112 0.05365 0.04805 
2 21 0.6326 0.5981 0.5564 0.5075 0.4739 0.4253 0.3875 0.3298 0.2881 0.2573 
2 22 1.096 1.029 0.9493 0.8648 0.8137 0.7458 0.6922 0.6049 0.5386 0.4883 
2 23 0.6532 0.6182 0.5755 0.5255 0.4915 0.4428 0.4048 0.3465 0.3042 0.2728 
2 24 0.2174 0.2225 0.2253 0.2224 0.2157 0.1996 0.1841 0.1592 0.1414 0.1284 
2 25 0.1917 0.1925 0.1924 0.1895 0.185 0.1749 0.1653 0.1498 0.1389 0.1312 
2 26 0.04219 0.04366 0.0446 0.04408 0.04251 0.03873 0.03514 0.02941 0.02531 0.02232 
2 27 0.2829 0.273 0.2576 0.2357 0.2184 0.1921 0.1721 0.1433 0.1235 0.1094 
2 28 0.2283 0.2213 0.2099 0.1935 0.1805 0.1609 0.1462 0.125 0.1107 0.1005 
2 29 0.05687 0.0554 0.05253 0.04807 0.0444 0.03873 0.03441 0.02818 0.02393 0.02086 
2 30 0.28 0.2774 0.2739 0.267 0.2591 0.2417 0.2244 0.195 0.1728 0.156 
2 31 0.505 0.4905 0.4685 0.4376 0.413 0.3731 0.3402 0.2888 0.2515 0.2237 
2 32 1.191 1.105 1.009 0.9093 0.8479 0.7668 0.7068 0.6165 0.5522 0.5053 
2 33 0.6418 0.6173 0.5841 0.5414 0.5097 0.4606 0.421 0.3599 0.3157 0.2829 
2 34 0.3748 0.3803 0.3727 0.352 0.3327 0.3001 0.2731 0.2312 0.2012 0.1789 
3 4 0.2966 0.3211 0.3528 0.3867 0.4048 0.4169 0.4148 0.3992 0.3822 0.3675 
3 5 0.4353 0.438 0.4352 0.4249 0.4125 0.3879 0.366 0.3313 0.3057 0.2865 
3 6 0.5122 0.5056 0.4959 0.4791 0.4625 0.4338 0.4109 0.3768 0.353 0.3358 
3 7 0.2815 0.2734 0.2637 0.2512 0.2413 0.2261 0.2148 0.1989 0.1882 0.181 
3 8 0.6655 0.709 0.7442 0.7753 0.7871 0.7787 0.7532 0.6969 0.65 0.6135 
3 9 0.02973 0.02736 0.02571 0.02515 0.02539 0.02604 0.02641 0.02661 0.02655 0.02643 
3 10 0.0799 0.07729 0.07411 0.06998 0.06669 0.06103 0.05592 0.04733 0.04077 0.03575 
3 11 0.2605 0.2551 0.2468 0.2336 0.2222 0.2029 0.1864 0.16 0.1406 0.126 
3 12 0.411 0.4076 0.3982 0.3793 0.3613 0.33 0.3033 0.2611 0.2302 0.2071 
3 13 0.4414 0.4407 0.4326 0.4133 0.3941 0.36 0.331 0.2852 0.2518 0.2267 
3 14 0.3343 0.3349 0.3296 0.3154 0.3009 0.2749 0.2528 0.2179 0.1924 0.1734 
3 15 0.2787 0.2775 0.2658 0.2447 0.2276 0.2012 0.1805 0.1496 0.1278 0.1118 
3 16 0.7115 0.71 0.6918 0.6582 0.6297 0.5815 0.5397 0.4723 0.423 0.3865 
3 17 0.9404 0.9489 0.9533 0.9643 0.976 0.9779 0.9548 0.8838 0.8152 0.7587 
3 18 0.1115 0.106 0.1014 0.09707 0.0934 0.08573 0.07819 0.06546 0.05595 0.04884 
3 19 0.1268 0.1229 0.1186 0.1135 0.1091 0.1007 0.09293 0.08014 0.07066 0.06357 
3 20 0.1283 0.1253 0.1214 0.1158 0.111 0.1024 0.09508 0.08347 0.07502 0.06872 
3 21 0.1193 0.1111 0.1021 0.09229 0.08575 0.07638 0.0691 0.05794 0.04989 0.04391 
3 22 0.5514 0.5223 0.4866 0.4444 0.4152 0.3731 0.3403 0.2902 0.2541 0.2273 
3 23 1.031 0.9707 0.8984 0.8196 0.7705 0.7042 0.652 0.5681 0.5052 0.4576 
3 24 0.1143 0.1185 0.121 0.1197 0.1157 0.1057 0.09598 0.0802 0.06882 0.06048 
3 25 0.1341 0.1357 0.1364 0.1345 0.1308 0.1224 0.1144 0.1017 0.09276 0.08633 
3 26 0.07388 0.07334 0.07272 0.07149 0.07007 0.06707 0.06426 0.05976 0.05665 0.05452 
3 27 0.1596 0.1523 0.1423 0.1292 0.1192 0.104 0.09239 0.07549 0.06386 0.05545 
3 28 0.1637 0.1598 0.1521 0.1402 0.1305 0.1156 0.1044 0.08824 0.07733 0.06955 
3 29 0.08243 0.08065 0.07707 0.07151 0.06704 0.06027 0.05521 0.048 0.04317 0.03979 
3 30 0.2 0.1981 0.1957 0.1907 0.1851 0.1726 0.1603 0.1393 0.1234 0.1114 
3 31 0.04611 0.04524 0.04392 0.04182 0.03987 0.03619 0.03279 0.02721 0.02308 0.02 
3 32 0.465 0.4513 0.4307 0.4019 0.3791 0.3424 0.3123 0.2655 0.2315 0.2062 
3 33 1.16 1.086 0.9998 0.9073 0.8482 0.7675 0.7067 0.6147 0.5491 0.5009 
3 34 0.156 0.1601 0.1583 0.1496 0.1405 0.1247 0.1117 0.09226 0.0786 0.06863 
4 5 0.008943 0.0267 0.06175 0.1211 0.1703 0.2356 0.2705 0.2969 0.3007 0.2973 
4 6 0.005366 0.01602 0.03705 0.07265 0.1022 0.1414 0.1623 0.1782 0.1804 0.1784 
4 7 0.001789 0.005341 0.01235 0.02422 0.03406 0.04712 0.0541 0.05938 0.06014 0.05947 
4 8 0.01777 0.05911 0.1522 0.322 0.4615 0.6331 0.7128 0.7565 0.7478 0.727 
4 9 0.007536 0.02306 0.05203 0.0945 0.1246 0.1605 0.1795 0.1977 0.206 0.211 
4 15 0.002967 0.009001 0.02011 0.03601 0.04662 0.05688 0.05953 0.05693 0.05178 0.04674 
4 16 0.002307 0.007 0.01564 0.02801 0.03626 0.04424 0.0463 0.04428 0.04027 0.03636 
4 17 0.001648 0.005001 0.01117 0.02001 0.0259 0.0316 0.03307 0.03163 0.02877 0.02597 
4 21 0.01328 0.03679 0.07766 0.1364 0.1779 0.2239 0.2421 0.2458 0.2357 0.2232 
4 22 0.01087 0.0301 0.06354 0.1116 0.1455 0.1832 0.1981 0.2011 0.1928 0.1826 
4 23 0.008452 0.02341 0.04942 0.08678 0.1132 0.1425 0.1541 0.1564 0.15 0.142 
4 24 0.00269 0.007798 0.01664 0.02834 0.03557 0.04201 0.04333 0.04103 0.03728 0.03372 
4 25 0.001614 0.004679 0.009982 0.01701 0.02134 0.0252 0.026 0.02462 0.02237 0.02023 
4 26 0.000538 0.001559 0.003327 0.005668 0.007114 0.008401 0.008667 0.008206 0.007456 0.006743 
4 27 0.007463 0.02351 0.05625 0.1095 0.1495 0.1948 0.213 0.2176 0.2089 0.1977 
4 28 0.004478 0.0141 0.03375 0.06572 0.08971 0.1169 0.1278 0.1306 0.1253 0.1186 
4 29 0.001493 0.004701 0.01125 0.02191 0.0299 0.03895 0.04261 0.04352 0.04178 0.03954 
4 30 0.01822 0.05271 0.1181 0.2238 0.3087 0.4188 0.4756 0.5148 0.5169 0.5089 
4 31 0.003593 0.009815 0.02044 0.0346 0.04321 0.05029 0.05111 0.04728 0.0423 0.03788 
4 32 0.00304 0.008305 0.0173 0.02928 0.03656 0.04255 0.04325 0.04 0.03579 0.03205 
4 33 0.002487 0.006795 0.01415 0.02395 0.02992 0.03482 0.03538 0.03273 0.02928 0.02622 
4 34 0.01341 0.04145 0.09721 0.1857 0.2509 0.3226 0.3495 0.3515 0.3327 0.311 
5 6 0.01145 0.04326 0.114 0.2344 0.3293 0.4482 0.5093 0.5552 0.5618 0.5567 
5 7 0.002941 0.01106 0.02927 0.06106 0.0868 0.12 0.1376 0.1519 0.1553 0.1556 
5 8 0.003837 0.01462 0.0416 0.09892 0.156 0.248 0.3108 0.3821 0.4169 0.4353 
5 9 0.0008661 0.003474 0.009752 0.0214 0.03127 0.04454 0.0519 0.05823 0.06005 0.06032 
5 10 0.005382 0.02041 0.05432 0.1117 0.1553 0.2052 0.226 0.2326 0.224 0.2122 
5 11 0.002935 0.01106 0.0294 0.06075 0.08494 0.1132 0.1253 0.1292 0.1243 0.1175 
5 12 0.001519 0.005684 0.0151 0.03147 0.04442 0.06 0.06684 0.06922 0.06648 0.06262 
5 13 0.0007378 0.002741 0.007292 0.01539 0.02202 0.03028 0.03404 0.03546 0.03402 0.03192 
5 14 0.0003215 0.001187 0.003168 0.006797 0.009874 0.01385 0.01572 0.01648 0.01579 0.01477 
5 15 0.01058 0.03862 0.09955 0.2019 0.2824 0.382 0.4302 0.4587 0.455 0.443 
5 16 0.004789 0.01756 0.04525 0.09102 0.1259 0.1668 0.1846 0.1912 0.1853 0.1767 
5 17 0.00194 0.007174 0.01855 0.03724 0.05121 0.06687 0.07289 0.07343 0.06929 0.06446 
5 18 0.005018 0.01899 0.04982 0.1009 0.1391 0.1819 0.1984 0.2004 0.1899 0.1773 
5 19 0.00303 0.01169 0.03131 0.06484 0.09067 0.1209 0.134 0.1392 0.1352 0.1291 
5 20 0.001789 0.006991 0.01899 0.03987 0.05624 0.07586 0.08482 0.08946 0.08798 0.08497 
5 21 0.002725 0.009062 0.02125 0.03875 0.05006 0.06026 0.06233 0.05872 0.05297 0.04758 
5 22 0.001713 0.005728 0.0135 0.02469 0.0319 0.03833 0.03956 0.03714 0.03343 0.02999 
5 23 0.001015 0.003401 0.008038 0.01472 0.01901 0.02277 0.02345 0.02194 0.01971 0.01766 
5 24 0.00613 0.02214 0.05932 0.1306 0.1942 0.2814 0.3267 0.3544 0.3501 0.3371 
5 25 0.003629 0.01301 0.03401 0.07195 0.1043 0.148 0.172 0.1919 0.197 0.1976 
5 26 0.0013 0.004624 0.01193 0.02483 0.03564 0.05034 0.05876 0.06667 0.06981 0.07131 
5 27 0.003785 0.01378 0.03647 0.07833 0.115 0.1655 0.192 0.207 0.2019 0.1912 
5 28 0.001883 0.006873 0.01814 0.03843 0.05551 0.07792 0.08908 0.09503 0.09276 0.08831 
5 29 0.0005965 0.002171 0.005708 0.01199 0.01719 0.02387 0.02714 0.0289 0.0283 0.0271 
5 30 0.0008937 0.003189 0.008108 0.01612 0.02197 0.02815 0.03015 0.0295 0.02717 0.02475 
5 31 0.001744 0.00595 0.01475 0.02948 0.04092 0.05399 0.05884 0.05854 0.05428 0.04957 
5 32 0.001208 0.003976 0.009483 0.01813 0.02446 0.03127 0.03353 0.03284 0.03024 0.02752 
5 33 0.0009073 0.002854 0.006459 0.01159 0.01499 0.01823 0.01903 0.01815 0.0165 0.01492 
5 34 0.005095 0.01879 0.04989 0.1052 0.1501 0.2055 0.2301 0.2384 0.2279 0.2135 
6 7 0.00387 0.01471 0.03849 0.07762 0.1072 0.1426 0.1598 0.1708 0.1699 0.1654 
6 8 0.002302 0.008772 0.02496 0.05935 0.0936 0.1488 0.1865 0.2293 0.2502 0.2612 
6 9 0.0005197 0.002084 0.005852 0.01284 0.01876 0.02673 0.03114 0.03494 0.03603 0.03619 
6 10 0.0006461 0.002326 0.00611 0.01307 0.01906 0.02693 0.03067 0.03212 0.03063 0.02846 
6 11 0.001888 0.007172 0.01916 0.03969 0.05549 0.07389 0.08171 0.08436 0.08128 0.07698 
6 12 0.001867 0.007095 0.01893 0.03902 0.05433 0.07194 0.07933 0.08172 0.07874 0.07463 
6 13 0.001361 0.005146 0.01367 0.02812 0.0391 0.05173 0.057 0.05866 0.05645 0.05344 
6 14 0.0007744 0.002909 0.007696 0.01579 0.02196 0.02906 0.03202 0.03292 0.03163 0.0299 
6 15 0.002366 0.008731 0.02247 0.04466 0.06082 0.07816 0.08416 0.08318 0.07725 0.07083 
6 16 0.00449 0.0164 0.04243 0.08682 0.1224 0.1679 0.191 0.2066 0.2071 0.2034 
6 17 0.003534 0.0129 0.03317 0.06679 0.09268 0.1238 0.1381 0.1453 0.1427 0.1378 
6 18 0.00239 0.009296 0.02511 0.05243 0.07372 0.09904 0.1104 0.1159 0.1135 0.1091 
6 19 0.002388 0.009071 0.02393 0.04877 0.06748 0.08859 0.09696 0.09859 0.09394 0.08822 
6 20 0.001125 0.004237 0.01104 0.02218 0.03043 0.03954 0.04294 0.04303 0.04043 0.03747 
6 21 0.001029 0.003458 0.008189 0.01502 0.01941 0.02328 0.02397 0.02244 0.02016 0.01806 
6 22 0.001157 0.003835 0.008966 0.01632 0.02106 0.02532 0.02619 0.02466 0.02225 0.01999 
6 23 0.001085 0.003621 0.008514 0.01556 0.02012 0.02422 0.02504 0.02358 0.02126 0.01909 
6 24 0.003629 0.01301 0.034 0.07194 0.1042 0.1479 0.1719 0.1915 0.1964 0.1968 
6 25 0.002442 0.008768 0.02342 0.0516 0.07694 0.1121 0.1306 0.1424 0.1412 0.1363 
6 26 0.0005641 0.002087 0.005731 0.01287 0.01925 0.0278 0.0319 0.03356 0.03207 0.02985 
6 27 0.001883 0.006873 0.01814 0.03843 0.0555 0.07791 0.08906 0.095 0.09271 0.08824 
6 28 0.001443 0.005232 0.01381 0.02967 0.04365 0.0631 0.07342 0.0795 0.07776 0.07377 
6 29 0.000433 0.00159 0.004239 0.009154 0.01346 0.01938 0.02242 0.02402 0.02327 0.02188 
6 30 0.0005363 0.001914 0.004865 0.009671 0.01318 0.01689 0.01809 0.0177 0.0163 0.01485 
6 31 0.0007299 0.002319 0.005306 0.00963 0.01253 0.01535 0.01609 0.0154 0.01402 0.01269 
6 32 0.0009248 0.003061 0.007364 0.01427 0.01946 0.02522 0.02724 0.02687 0.02483 0.02263 
6 33 0.000661 0.002287 0.005747 0.01162 0.01622 0.02153 0.02352 0.02345 0.02176 0.01989 
6 34 0.002116 0.007972 0.02132 0.04457 0.06278 0.08404 0.09274 0.09454 0.08973 0.08377 
7 8 0.0007674 0.002924 0.00832 0.01978 0.0312 0.0496 0.06217 0.07642 0.08339 0.08706 
7 9 0.0001732 0.0006948 0.001951 0.004279 0.006254 0.008909 0.01038 0.01165 0.01201 0.01206 
7 10 0.0001362 0.0005068 0.00139 0.003132 0.004726 0.006923 0.008023 0.00854 0.008209 0.007664 
7 11 0.0002194 0.0007809 0.002019 0.004231 0.006086 0.008466 0.009565 0.009942 0.009447 0.008757 
7 12 0.0005359 0.00201 0.005316 0.01092 0.01521 0.02019 0.02228 0.02292 0.02202 0.02079 
7 13 0.0007026 0.002676 0.007135 0.01464 0.02027 0.02665 0.02927 0.03007 0.02899 0.02752 
7 14 0.000585 0.002242 0.005997 0.0123 0.01701 0.02229 0.02445 0.02511 0.02425 0.02306 
7 15 0.0004053 0.00152 0.003975 0.008063 0.01115 0.01458 0.01584 0.01575 0.01461 0.01335 
7 16 0.00111 0.004067 0.01038 0.02042 0.0276 0.03513 0.03765 0.03709 0.03446 0.03166 
7 17 0.001948 0.00709 0.01833 0.03761 0.05326 0.07364 0.08435 0.09231 0.09343 0.09252 
7 18 0.0008553 0.003359 0.009173 0.01937 0.02742 0.03714 0.04166 0.04417 0.04365 0.04232 
7 19 0.000485 0.001841 0.00483 0.009775 0.01349 0.01768 0.01935 0.01965 0.01869 0.0175 
7 20 0.0006271 0.002334 0.006021 0.01198 0.01631 0.0209 0.02243 0.022 0.02028 0.01846 
7 21 0.0002448 0.0008199 0.001938 0.003548 0.004573 0.005462 0.005609 0.005232 0.00469 0.004196 
7 22 0.0004012 0.001352 0.003205 0.005888 0.007622 0.009167 0.009461 0.008878 0.007988 0.007161 
7 23 0.0004446 0.001467 0.003413 0.006196 0.007999 0.009645 0.009998 0.009451 0.008546 0.007688 
7 24 0.0013 0.004624 0.01193 0.02482 0.03563 0.05028 0.05864 0.06642 0.06943 0.07081 
7 25 0.0005641 0.002087 0.005731 0.01287 0.01925 0.0278 0.0319 0.03356 0.03207 0.02985 
7 26 0.0003481 0.001245 0.00339 0.007775 0.01192 0.01783 0.02087 0.02242 0.02162 0.02019 
7 27 0.0005965 0.002171 0.005708 0.01199 0.01719 0.02386 0.02713 0.02887 0.02827 0.02706 
7 28 0.000433 0.00159 0.004239 0.009154 0.01346 0.01938 0.02242 0.02402 0.02327 0.02188 
7 29 0.0002235 0.0008036 0.002117 0.004603 0.006886 0.01022 0.01208 0.01327 0.01303 0.01235 
7 30 0.0001787 0.0006378 0.001622 0.003223 0.004394 0.005629 0.00603 0.0059 0.005434 0.004949 
7 31 0.0002626 0.0007932 0.001707 0.002868 0.003532 0.004036 0.004063 0.00373 0.003329 0.002979 
7 32 0.0001829 0.0006304 0.00157 0.003121 0.0043 0.005611 0.006075 0.006003 0.005549 0.00506 
7 33 0.0003263 0.001132 0.002862 0.005852 0.008241 0.01105 0.01214 0.01217 0.01133 0.01036 
7 34 0.0006253 0.002301 0.005976 0.01208 0.01664 0.02164 0.02344 0.0233 0.02172 0.01997 
8 9 0.000172 0.001118 0.004553 0.01378 0.02422 0.04233 0.05494 0.06842 0.07365 0.07522 
8 15 0.0002363 0.001579 0.006418 0.01823 0.02955 0.04471 0.05189 0.05486 0.05243 0.04875 
8 16 0.0001838 0.001228 0.004991 0.01418 0.02298 0.03478 0.04036 0.04267 0.04078 0.03791 
8 17 0.0001313 0.0008774 0.003565 0.01013 0.01641 0.02484 0.02883 0.03048 0.02913 0.02708 
8 21 0.001458 0.008487 0.03129 0.08439 0.136 0.2109 0.2529 0.2838 0.2852 0.2771 
8 22 0.001193 0.006944 0.0256 0.06905 0.1113 0.1726 0.2069 0.2322 0.2333 0.2267 
8 23 0.0009275 0.0054 0.01991 0.0537 0.08653 0.1342 0.161 0.1806 0.1815 0.1763 
8 24 0.0001252 0.0007143 0.002523 0.006358 0.009722 0.01403 0.01601 0.01677 0.01601 0.0149 
8 25 7.513e-05 0.0004286 0.001514 0.003815 0.005833 0.008415 0.009605 0.01006 0.009603 0.008938 
8 26 2.504e-05 0.0001429 0.0005046 0.001272 0.001944 0.002805 0.003202 0.003353 0.003201 0.002979 
8 27 0.0001354 0.000889 0.003687 0.01092 0.01822 0.0285 0.03366 0.03623 0.03495 0.0327 
8 28 8.122e-05 0.0005334 0.002212 0.006554 0.01093 0.0171 0.0202 0.02174 0.02097 0.01962 
8 29 2.707e-05 0.0001778 0.0007374 0.002185 0.003644 0.0057 0.006733 0.007246 0.006989 0.00654 
8 30 0.001713 0.01084 0.04418 0.1348 0.2379 0.4162 0.5375 0.658 0.697 0.7038 
8 31 0.001778 0.01254 0.05533 0.1726 0.296 0.4796 0.5809 0.6515 0.6513 0.6294 
8 32 0.001505 0.01061 0.04682 0.146 0.2505 0.4058 0.4915 0.5512 0.5511 0.5325 
8 33 0.001231 0.008681 0.0383 0.1195 0.205 0.332 0.4021 0.451 0.4509 0.4357 
8 34 0.0002382 0.001594 0.006611 0.0195 0.03257 0.05148 0.06156 0.06778 0.06671 0.06356 
9 15 6.14e-09 3.905e-07 8.418e-06 8.926e-05 0.0002868 0.0008879 0.001493 0.002305 0.002666 0.00278 
9 16 4.777e-09 3.038e-07 6.548e-06 6.943e-05 0.0002231 0.0006906 0.001161 0.001793 0.002074 0.002162 
9 17 3.411e-09 2.17e-07 4.677e-06 4.959e-05 0.0001593 0.0004933 0.0008296 0.00128 0.001481 0.001544 
9 21 1.134e-08 7.521e-07 1.776e-05 0.0002071 0.0006911 0.00217 0.003631 0.005532 0.006345 0.006582 
9 22 9.281e-09 6.154e-07 1.453e-05 0.0001695 0.0005655 0.001776 0.002971 0.004526 0.005191 0.005385 
9 23 7.218e-09 4.786e-07 1.13e-05 0.0001318 0.0004398 0.001381 0.002311 0.00352 0.004038 0.004189 
9 24 3.999e-09 3.62e-07 1.035e-05 0.0001312 0.0004415 0.00136 0.002226 0.00329 0.003701 0.003787 
9 25 2.4e-09 2.172e-07 6.212e-06 7.875e-05 0.0002649 0.0008157 0.001336 0.001974 0.002221 0.002273 
9 26 7.998e-10 7.24e-08 2.071e-06 2.625e-05 8.831e-05 0.0002719 0.0004453 0.0006581 0.0007402 0.0007575 
9 27 1.916e-08 1.342e-06 3.329e-05 0.0004007 0.001346 0.004211 0.006995 0.01053 0.01198 0.01234 
9 28 1.149e-08 8.051e-07 1.997e-05 0.0002404 0.0008076 0.002526 0.004197 0.006318 0.007185 0.007407 
9 29 3.831e-09 2.683e-07 6.657e-06 8.013e-05 0.0002692 0.0008421 0.001399 0.002106 0.002395 0.002469 
9 30 2.454e-08 1.981e-06 5.144e-05 0.0006107 0.002008 0.006115 0.01003 0.01495 0.01695 0.01747 
9 31 1.449e-09 1.091e-07 2.903e-06 3.831e-05 0.0001387 0.0004851 0.0008692 0.001436 0.001725 0.001844 
9 32 1.226e-09 9.232e-08 2.456e-06 3.241e-05 0.0001174 0.0004105 0.0007354 0.001215 0.001459 0.00156 
9 33 1.003e-09 7.553e-08 2.009e-06 2.652e-05 9.604e-05 0.0003359 0.0006017 0.0009941 0.001194 0.001277 
9 34 3.574e-08 2.448e-06 5.791e-05 0.0006707 0.002247 0.007241 0.0125 0.02015 0.02425 0.02624 
10 11 2.68e-06 0.0002027 0.005033 0.06042 0.2099 0.7225 1.305 2.206 2.705 2.944 
10 12 5.651e-07 4.337e-05 0.001098 0.01374 0.04963 0.1799 0.3337 0.5764 0.7114 0.7752 
10 13 1.939e-07 1.495e-05 0.0003813 0.004846 0.01776 0.06547 0.1224 0.2128 0.2634 0.2876 
10 14 5.884e-08 4.595e-06 0.0001194 0.001581 0.006003 0.02305 0.04389 0.07741 0.09613 0.1049 
10 15 3.437e-06 0.0002832 0.007472 0.08993 0.2991 0.932 1.559 2.398 2.784 2.923 
10 16 8.569e-08 7.306e-06 0.0002094 0.00296 0.01134 0.04282 0.08016 0.1385 0.1702 0.1846 
10 17 1.602e-08 1.397e-06 4.125e-05 0.0006049 0.00237 0.009168 0.01736 0.03035 0.03753 0.0409 
10 18 2.895e-07 2.656e-05 0.0008042 0.01146 0.04272 0.1528 0.2774 0.4711 0.5857 0.6505 
10 19 1.191e-07 1.071e-05 0.0003179 0.004409 0.01607 0.05565 0.09884 0.1634 0.1995 0.2187 
10 20 6.272e-08 5.506e-06 0.000159 0.00214 0.007658 0.02596 0.04554 0.07416 0.08969 0.09755 
10 21 2.271e-07 1.856e-05 0.0004976 0.006243 0.02161 0.07217 0.1286 0.2222 0.2873 0.3333 
10 22 7.542e-08 6.166e-06 0.0001655 0.002084 0.007239 0.02429 0.04336 0.07496 0.0968 0.1121 
10 23 1.766e-08 1.393e-06 3.634e-05 0.0004505 0.001559 0.005218 0.00927 0.01581 0.02012 0.02298 
10 24 4.572e-08 4.156e-06 0.0001222 0.001652 0.005883 0.01967 0.034 0.05387 0.0636 0.06771 
10 25 1.746e-08 1.64e-06 4.943e-05 0.0006808 0.002448 0.008279 0.01445 0.02332 0.02802 0.03032 
10 26 5.98e-09 5.586e-07 1.681e-05 0.0002312 0.0008296 0.002794 0.004861 0.007817 0.009377 0.01014 
10 27 1.146e-07 9.397e-06 0.0002429 0.002852 0.009368 0.02909 0.04937 0.08011 0.09951 0.1122 
10 28 3.32e-08 2.795e-06 7.373e-05 0.0008775 0.002892 0.008952 0.01506 0.02392 0.02908 0.03213 
10 29 1.074e-08 9.169e-07 2.458e-05 0.0002984 0.0009992 0.003172 0.005451 0.008968 0.01122 0.01269 
10 31 3.121e-07 2.41e-05 0.0005988 0.006929 0.02291 0.07322 0.1281 0.2192 0.2837 0.3302 
10 32 1.03e-07 7.923e-06 0.0001968 0.00228 0.007542 0.02406 0.04194 0.07118 0.09145 0.1058 
10 33 2.229e-08 1.671e-06 4.057e-05 0.0004591 0.001492 0.004619 0.007844 0.01273 0.01579 0.01775 
10 34 2.197e-07 1.647e-05 0.0003966 0.004412 0.01415 0.04319 0.07302 0.1189 0.1486 0.1687 
11 12 2.722e-06 0.0002048 0.005052 0.0598 0.2048 0.6906 1.233 2.066 2.528 2.751 
11 13 5.167e-07 3.964e-05 0.001004 0.01254 0.04526 0.164 0.3043 0.5254 0.6474 0.7041 
11 14 2.049e-07 1.569e-05 0.0003959 0.004911 0.0176 0.06314 0.1164 0.2005 0.2476 0.2704 
11 15 1.111e-06 9.17e-05 0.00243 0.02954 0.09923 0.3141 0.5311 0.8267 0.9661 1.018 
11 16 1.73e-06 0.0001425 0.003756 0.04509 0.1496 0.464 0.774 1.186 1.375 1.442 
11 17 5.419e-08 4.617e-06 0.0001322 0.001867 0.007147 0.02697 0.05048 0.08716 0.1071 0.1162 
11 18 1.811e-07 1.647e-05 0.0004947 0.006974 0.02576 0.09101 0.1638 0.2754 0.3402 0.376 
11 19 1.443e-07 1.308e-05 0.0003909 0.005495 0.02031 0.072 0.13 0.2195 0.2719 0.3012 
11 20 6.028e-08 5.444e-06 0.0001625 0.002268 0.008296 0.02886 0.05138 0.08519 0.1042 0.1145 
11 21 1.122e-07 9.173e-06 0.000246 0.003092 0.01072 0.03588 0.06398 0.1106 0.1429 0.1656 
11 22 1.004e-07 8.158e-06 0.0002177 0.002723 0.009412 0.03139 0.05586 0.09633 0.1244 0.1441 
11 23 4.94e-08 4.04e-06 0.0001085 0.001366 0.004746 0.01592 0.02843 0.04915 0.06348 0.0735 
11 24 3.174e-08 2.915e-06 8.642e-05 0.001175 0.004199 0.01409 0.02444 0.03896 0.04627 0.04954 
11 25 2.017e-08 1.843e-06 5.448e-05 0.0007392 0.002636 0.00882 0.01526 0.02425 0.02874 0.03071 
11 26 4.673e-09 4.406e-07 1.33e-05 0.0001833 0.0006602 0.002239 0.003917 0.006337 0.007623 0.008253 
11 27 7.355e-08 6.073e-06 0.0001578 0.00186 0.006115 0.01897 0.03212 0.05183 0.06402 0.07179 
11 28 4.692e-08 3.882e-06 0.0001012 0.0012 0.003965 0.01241 0.02118 0.03465 0.04327 0.04897 
11 29 9.23e-09 7.703e-07 2.011e-05 0.0002361 0.0007697 0.002339 0.003873 0.005983 0.007103 0.007686 
11 31 1.472e-07 1.135e-05 0.0002818 0.003263 0.01079 0.03446 0.0602 0.1026 0.1323 0.1536 
11 32 1.417e-07 1.092e-05 0.0002705 0.003121 0.0103 0.0328 0.05729 0.09777 0.1263 0.1469 
11 33 6.894e-08 5.304e-06 0.0001317 0.001526 0.005049 0.0161 0.02808 0.04765 0.06122 0.07081 
11 34 1.282e-07 9.733e-06 0.0002364 0.002646 0.008499 0.02589 0.04363 0.07051 0.08757 0.09878 
12 13 2.36e-06 0.0001771 0.004353 0.0511 0.1735 0.5779 1.025 1.707 2.086 2.272 
12 14 4.022e-07 3.082e-05 0.0007793 0.0097 0.03491 0.1261 0.2334 0.4024 0.4954 0.5385 
12 15 2.443e-07 2.029e-05 0.0005451 0.006821 0.02357 0.07785 0.1353 0.217 0.2575 0.2739 
12 16 1.355e-06 0.0001116 0.002943 0.03537 0.1175 0.3651 0.6099 0.9361 1.086 1.139 
12 17 6.528e-07 5.387e-05 0.001426 0.01731 0.05803 0.1832 0.3092 0.4803 0.5606 0.5905 
12 18 1.155e-07 1.039e-05 0.0003085 0.004287 0.01567 0.05458 0.09736 0.1619 0.1984 0.2181 
12 19 1.179e-07 1.073e-05 0.0003223 0.004552 0.01688 0.06004 0.1086 0.1839 0.2281 0.2529 
12 20 6.651e-08 6.095e-06 0.0001845 0.002623 0.009744 0.03465 0.06261 0.1057 0.131 0.1451 
12 21 5.011e-08 4.08e-06 0.0001092 0.001372 0.004761 0.01596 0.02847 0.04914 0.06338 0.0733 
12 22 8.274e-08 6.735e-06 0.00018 0.002254 0.007795 0.02602 0.04632 0.07992 0.1032 0.1196 
12 23 7.093e-08 5.806e-06 0.0001559 0.00196 0.006792 0.02273 0.04053 0.07009 0.09064 0.1051 
12 24 2.193e-08 2.031e-06 6.06e-05 0.0008281 0.002965 0.009977 0.01734 0.02778 0.03314 0.03563 
12 25 1.703e-08 1.549e-06 4.561e-05 0.0006169 0.002198 0.007344 0.01269 0.02012 0.02377 0.02533 
12 26 5.045e-09 4.634e-07 1.372e-05 0.0001865 0.0006665 0.00224 0.003888 0.006202 0.007362 0.007876 
12 27 4.701e-08 3.913e-06 0.0001024 0.001213 0.003999 0.01243 0.02105 0.0339 0.04178 0.04673 
12 28 4.166e-08 3.428e-06 8.893e-05 0.001049 0.003455 0.01078 0.01835 0.02994 0.03734 0.04222 
12 29 1.221e-08 1.001e-06 2.582e-05 0.0003016 0.0009845 0.003022 0.005071 0.008068 0.009855 0.01095 
12 31 6.156e-08 4.724e-06 0.000117 0.001353 0.004467 0.01421 0.02472 0.0418 0.05356 0.06182 
12 32 1.143e-07 8.811e-06 0.0002185 0.002522 0.008327 0.02655 0.04638 0.07917 0.1023 0.1189 
12 33 1.024e-07 7.907e-06 0.0001966 0.002277 0.007535 0.02408 0.04212 0.07194 0.09294 0.108 
12 34 7.244e-08 5.562e-06 0.0001362 0.001532 0.004923 0.01496 0.02511 0.04026 0.04963 0.05563 
13 14 1.594e-06 0.0001197 0.002943 0.03459 0.1176 0.3925 0.697 1.162 1.42 1.545 
13 15 2.543e-08 2.185e-06 6.329e-05 0.0009065 0.003501 0.01334 0.02509 0.04353 0.05362 0.05827 
13 16 5.457e-07 4.504e-05 0.001193 0.01449 0.04861 0.1536 0.2595 0.4034 0.4711 0.4964 
13 17 1.037e-06 8.547e-05 0.002254 0.0271 0.09008 0.2803 0.4685 0.7197 0.8352 0.8767 
13 18 7.284e-08 6.479e-06 0.00019 0.002602 0.009416 0.03237 0.05728 0.09427 0.1148 0.1256 
13 19 7.752e-08 7.082e-06 0.0002137 0.003027 0.01123 0.03986 0.07198 0.1215 0.1505 0.1666 
13 20 6.388e-08 5.882e-06 0.0001787 0.002558 0.00957 0.03441 0.06266 0.1069 0.1332 0.1483 
13 21 1.946e-08 1.564e-06 4.146e-05 0.0005186 0.001799 0.006032 0.01075 0.01847 0.02369 0.02726 
13 22 5.352e-08 4.376e-06 0.0001174 0.001476 0.005115 0.01712 0.03053 0.05277 0.06821 0.07906 
13 23 7.258e-08 5.932e-06 0.0001591 0.001996 0.006906 0.02307 0.04109 0.07101 0.09185 0.1066 
13 24 1.451e-08 1.351e-06 4.05e-05 0.0005553 0.001992 0.006711 0.01168 0.01876 0.02245 0.02421 
13 25 1.192e-08 1.087e-06 3.202e-05 0.0004335 0.001546 0.005175 0.008958 0.01422 0.01682 0.01794 
13 26 5.004e-09 4.502e-07 1.314e-05 0.0001765 0.0006266 0.002086 0.003593 0.005657 0.006636 0.007024 
13 27 2.911e-08 2.442e-06 6.434e-05 0.0007673 0.002538 0.007917 0.01343 0.02167 0.02672 0.02988 
13 28 2.955e-08 2.424e-06 6.261e-05 0.000734 0.002407 0.007448 0.0126 0.02033 0.02513 0.02822 
13 29 1.339e-08 1.093e-06 2.814e-05 0.0003298 0.001083 0.00337 0.005736 0.009366 0.0117 0.01326 
13 31 2.163e-08 1.641e-06 4.028e-05 0.0004614 0.001513 0.004753 0.008177 0.01356 0.01711 0.0195 
13 32 7.063e-08 5.446e-06 0.0001353 0.001567 0.005181 0.01655 0.02891 0.04928 0.06358 0.07379 
13 33 1.065e-07 8.229e-06 0.0002045 0.002367 0.007826 0.02502 0.04379 0.07495 0.09703 0.113 
13 34 3.912e-08 3.032e-06 7.473e-05 0.0008428 0.002708 0.008202 0.01371 0.0218 0.02668 0.02971 
14 15 7.863e-09 6.857e-07 2.025e-05 0.0002969 0.001164 0.004501 0.008524 0.0149 0.01842 0.02008 
14 16 3.679e-08 3.128e-06 8.926e-05 0.001255 0.004793 0.01804 0.03371 0.05812 0.07136 0.07736 
14 17 9.204e-07 7.58e-05 0.001997 0.02395 0.07936 0.2458 0.4096 0.627 0.7262 0.7614 
14 18 4.095e-08 3.611e-06 0.0001048 0.00142 0.005101 0.01738 0.03058 0.04998 0.0606 0.06604 
14 19 4.104e-08 3.762e-06 0.0001141 0.00162 0.006001 0.02122 0.03817 0.0641 0.0791 0.0874 
14 20 4.654e-08 4.292e-06 0.0001305 0.001873 0.007029 0.02541 0.04646 0.07966 0.0996 0.1111 
14 21 6.169e-09 4.805e-07 1.241e-05 0.000153 0.0005286 0.001767 0.003133 0.005314 0.006725 0.00764 
14 22 2.757e-08 2.267e-06 6.115e-05 0.0007724 0.002686 0.009025 0.01613 0.02794 0.03614 0.0419 
14 23 5.359e-08 4.376e-06 0.0001172 0.001468 0.005078 0.01694 0.03016 0.0521 0.06738 0.0782 
14 24 8.34e-09 7.788e-07 2.341e-05 0.0003216 0.001154 0.003891 0.006776 0.0109 0.01307 0.01412 
14 25 6.774e-09 6.206e-07 1.834e-05 0.0002488 0.0008885 0.002983 0.005175 0.008243 0.009769 0.01044 
14 26 3.747e-09 3.335e-07 9.655e-06 0.0001289 0.0004558 0.001509 0.002587 0.004041 0.004707 0.004951 
14 27 1.596e-08 1.347e-06 3.57e-05 0.0004279 0.00142 0.004446 0.007561 0.01224 0.01512 0.01693 
14 28 1.68e-08 1.375e-06 3.538e-05 0.0004124 0.001345 0.004125 0.006922 0.01101 0.01346 0.01497 
14 29 1.047e-08 8.532e-07 2.198e-05 0.0002583 0.0008512 0.002669 0.004575 0.007567 0.009554 0.01092 
14 31 5.755e-09 4.232e-07 1.009e-05 0.000112 0.0003584 0.00108 0.001789 0.00278 0.003321 0.003615 
14 32 3.421e-08 2.638e-06 6.571e-05 0.0007643 0.002535 0.008111 0.01417 0.02411 0.03101 0.0359 
14 33 7.931e-08 6.128e-06 0.0001522 0.00176 0.005819 0.0186 0.03256 0.05579 0.0723 0.08424 
14 34 1.899e-08 1.482e-06 3.665e-05 0.0004139 0.001329 0.004011 0.00668 0.01054 0.01282 0.0142 
15 16 1.699e-07 2.486e-05 0.001018 0.01791 0.07475 0.3055 0.5974 1.087 1.379 1.529 
15 17 3.687e-08 5.153e-06 0.0002021 0.003462 0.01442 0.05979 0.1187 0.2207 0.2843 0.3192 
15 18 2.267e-08 3.157e-06 0.0001227 0.00203 0.008024 0.03006 0.05528 0.09339 0.1137 0.1229 
15 19 1.206e-08 1.644e-06 6.283e-05 0.001023 0.00401 0.01487 0.02722 0.04584 0.05579 0.06042 
15 20 6.103e-09 8.165e-07 3.071e-05 0.0004929 0.001914 0.007024 0.01278 0.02141 0.02601 0.02814 
15 21 3.239e-08 4.547e-06 0.0001874 0.003446 0.0148 0.06165 0.1206 0.2179 0.2751 0.3046 
15 22 1.104e-08 1.588e-06 6.681e-05 0.001243 0.005343 0.02216 0.04324 0.07825 0.09941 0.111 
15 23 3.306e-09 4.822e-07 2.069e-05 0.0003951 0.001727 0.007293 0.01436 0.02629 0.03368 0.03787 
15 24 1.77e-08 2.855e-06 0.0001308 0.002554 0.01114 0.04695 0.09356 0.1788 0.241 0.2853 
15 25 5.95e-09 9.613e-07 4.433e-05 0.0008677 0.00377 0.01573 0.03104 0.05834 0.07752 0.09056 
15 26 1.608e-09 2.623e-07 1.216e-05 0.0002381 0.001032 0.004278 0.008394 0.01563 0.0206 0.0239 
15 27 8.155e-09 1.27e-06 5.594e-05 0.001036 0.00432 0.01691 0.03165 0.05444 0.0671 0.0734 
15 28 3.212e-09 5.128e-07 2.299e-05 0.0004294 0.001794 0.007037 0.01321 0.02291 0.02851 0.0315 
15 29 8.325e-10 1.361e-07 6.226e-06 0.0001184 0.0004995 0.00198 0.003736 0.006508 0.008105 0.00895 
15 30 1.255e-08 2.009e-06 9.014e-05 0.001712 0.007358 0.03085 0.06195 0.1215 0.1682 0.2037 
15 31 1.53e-08 2.506e-06 0.000112 0.002057 0.008486 0.03283 0.0613 0.1062 0.1326 0.1474 
15 32 6.614e-09 1.086e-06 4.868e-05 0.0008984 0.003724 0.01453 0.02736 0.04812 0.06098 0.06866 
15 33 2.018e-09 3.401e-07 1.57e-05 0.0002993 0.001267 0.005065 0.009656 0.0172 0.02193 0.02478 
15 34 1.379e-08 2.257e-06 0.0001011 0.001867 0.007734 0.03002 0.05594 0.09576 0.1176 0.1283 
16 17 1.455e-07 2.144e-05 0.0008828 0.0156 0.0651 0.2656 0.5183 0.9401 1.19 1.317 
16 18 1.363e-08 1.864e-06 7.142e-05 0.001166 0.004575 0.01699 0.03113 0.05244 0.06383 0.06911 
16 19 1.161e-08 1.605e-06 6.201e-05 0.00102 0.004019 0.015 0.02752 0.04638 0.05635 0.06088 
16 20 6.511e-09 8.997e-07 3.476e-05 0.0005719 0.002254 0.008419 0.01547 0.02613 0.03185 0.03451 
16 21 9.519e-09 1.374e-06 5.803e-05 0.001082 0.004651 0.01927 0.03759 0.06804 0.08653 0.09678 
16 22 1.742e-08 2.421e-06 9.912e-05 0.001824 0.007869 0.03302 0.06485 0.1175 0.1482 0.1637 
16 23 9.421e-09 1.351e-06 5.663e-05 0.001049 0.004492 0.01856 0.03614 0.06526 0.08276 0.0923 
16 24 9.73e-09 1.571e-06 7.223e-05 0.001412 0.006146 0.02577 0.05108 0.09677 0.1295 0.1522 
16 25 7.883e-09 1.277e-06 5.857e-05 0.001143 0.004982 0.02099 0.04178 0.07976 0.1074 0.1271 
16 26 2.03e-09 3.246e-07 1.488e-05 0.0002913 0.001269 0.00533 0.01058 0.02007 0.02689 0.03163 
16 27 4.89e-09 7.723e-07 3.437e-05 0.0006398 0.002671 0.01046 0.01962 0.03392 0.04204 0.04625 
16 28 3.457e-09 5.417e-07 2.404e-05 0.0004488 0.001881 0.0074 0.01389 0.0239 0.02943 0.03213 
16 29 1.142e-09 1.781e-07 7.823e-06 0.0001434 0.000593 0.002299 0.004291 0.007406 0.009206 0.01018 
16 30 9.761e-09 1.563e-06 7.011e-05 0.001332 0.005723 0.02399 0.04818 0.09453 0.1308 0.1584 
16 31 5.433e-09 8.922e-07 4.003e-05 0.0007398 0.00307 0.012 0.02264 0.03996 0.0508 0.05737 
16 32 7.389e-09 1.219e-06 5.493e-05 0.001017 0.004216 0.01636 0.03054 0.05258 0.06515 0.07174 
16 33 5.792e-09 9.467e-07 4.224e-05 0.0007751 0.003201 0.01243 0.02335 0.04097 0.05186 0.05835 
16 34 6.324e-09 1.071e-06 4.88e-05 0.0009031 0.003724 0.01432 0.02652 0.04518 0.05551 0.06069 
17 18 8.16e-09 1.096e-06 4.134e-05 0.0006655 0.002589 0.009522 0.01735 0.02909 0.03535 0.03825 
17 19 8.082e-09 1.12e-06 4.334e-05 0.0007144 0.002819 0.01054 0.01937 0.03273 0.03988 0.04319 
17 20 6.442e-09 9.054e-07 3.545e-05 0.00059 0.002341 0.008802 0.01622 0.02742 0.03336 0.03605 
17 21 2.523e-09 3.69e-07 1.59e-05 0.0003053 0.001339 0.00568 0.01121 0.02058 0.02639 0.02972 
17 22 7.896e-09 1.137e-06 4.785e-05 0.0008873 0.003799 0.01568 0.0305 0.05505 0.06989 0.07806 
17 23 1.555e-08 2.17e-06 8.895e-05 0.001632 0.007013 0.02926 0.05728 0.1035 0.1305 0.1442 
17 24 5.31e-09 8.611e-07 3.977e-05 0.0007781 0.003379 0.01408 0.02776 0.05209 0.06913 0.08068 
17 25 5.81e-09 9.341e-07 4.278e-05 0.0008357 0.003645 0.01537 0.03062 0.05851 0.07886 0.09331 
17 26 2.91e-09 4.704e-07 2.151e-05 0.0004196 0.001832 0.007754 0.01551 0.02984 0.04046 0.04814 
17 27 2.769e-09 4.45e-07 2.008e-05 0.0003774 0.001583 0.006233 0.01172 0.02035 0.02531 0.02793 
17 28 2.82e-09 4.376e-07 1.92e-05 0.0003538 0.001469 0.005727 0.0107 0.01841 0.02273 0.02493 
17 29 1.189e-09 1.832e-07 8.03e-06 0.0001489 0.0006223 0.002443 0.004573 0.007829 0.009579 0.01039 
17 30 6.972e-09 1.116e-06 5.008e-05 0.0009511 0.004088 0.01714 0.03442 0.06752 0.09345 0.1132 
17 31 1.266e-09 2.158e-07 1.009e-05 0.0001949 0.000832 0.003356 0.006425 0.01149 0.01468 0.0166 
17 32 4.611e-09 7.532e-07 3.359e-05 0.0006164 0.002546 0.009904 0.01863 0.03281 0.04168 0.04706 
17 33 7.42e-09 1.215e-06 5.432e-05 0.0009973 0.004112 0.01589 0.02961 0.05107 0.06351 0.07025 
17 34 2.962e-09 5.064e-07 2.324e-05 0.0004312 0.001777 0.006809 0.01258 0.02133 0.02613 0.02851 
18 19 1.59e-08 5.001e-06 0.0003589 0.009698 0.05012 0.2551 0.5591 1.145 1.541 1.769 
18 20 6.398e-09 2.104e-06 0.0001556 0.004268 0.0221 0.112 0.2444 0.4978 0.6683 0.7665 
18 21 1.509e-09 4.143e-07 2.612e-05 0.00061 0.00283 0.01246 0.02521 0.04858 0.06542 0.07707 
18 22 8.438e-10 2.302e-07 1.442e-05 0.0003345 0.001545 0.006758 0.01356 0.02569 0.03398 0.03937 
18 23 3.578e-10 9.747e-08 6.107e-06 0.0001425 0.0006624 0.002921 0.005873 0.01104 0.01439 0.0164 
18 24 1.643e-08 5.021e-06 0.0003561 0.00935 0.04621 0.2152 0.4416 0.8353 1.078 1.206 
18 25 2.539e-09 7.367e-07 5.097e-05 0.001348 0.00679 0.03259 0.06793 0.1296 0.1667 0.1854 
18 26 9.786e-10 2.794e-07 1.89e-05 0.0004865 0.002409 0.01133 0.02335 0.04401 0.05625 0.06233 
18 27 1.409e-09 4.355e-07 3.129e-05 0.0008356 0.004189 0.01993 0.04159 0.08103 0.1076 0.1241 
18 28 4.867e-10 1.435e-07 9.985e-06 0.0002633 0.001324 0.006387 0.01348 0.02664 0.0357 0.04144 
18 29 1.33e-10 3.9e-08 2.725e-06 7.277e-05 0.0003694 0.001794 0.003771 0.007297 0.009506 0.0107 
18 31 1.016e-09 2.999e-07 2.058e-05 0.0005317 0.002649 0.01288 0.02794 0.05933 0.0855 0.106 
18 32 4.484e-10 1.335e-07 9.193e-06 0.0002374 0.001179 0.00567 0.01212 0.02503 0.0352 0.04277 
18 33 2.219e-10 6.673e-08 4.597e-06 0.0001178 0.000579 0.002712 0.005628 0.01094 0.01456 0.01684 
18 34 1.129e-09 3.554e-07 2.597e-05 0.0007106 0.003633 0.01776 0.03769 0.07498 0.1009 0.1177 
19 20 9.615e-09 2.944e-06 0.0002072 0.005542 0.02861 0.1462 0.3216 0.6617 0.8927 1.026 
19 21 6.684e-10 1.82e-07 1.137e-05 0.0002632 0.001215 0.005299 0.01061 0.01997 0.02625 0.03023 
19 22 6.122e-10 1.691e-07 1.075e-05 0.0002538 0.001188 0.005302 0.01082 0.0211 0.02862 0.03389 
19 23 6.554e-10 1.789e-07 1.12e-05 0.0002594 0.001196 0.005213 0.01046 0.01986 0.0264 0.03076 
19 24 5.201e-09 1.554e-06 0.0001091 0.002873 0.01431 0.06753 0.1395 0.2649 0.3413 0.381 
19 25 8.632e-09 2.631e-06 0.0001858 0.004848 0.02386 0.1105 0.2259 0.4261 0.5491 0.6143 
19 26 4.159e-10 1.271e-07 9.408e-06 0.0002676 0.001408 0.007094 0.01516 0.02968 0.03869 0.04339 
19 27 6.861e-10 2.059e-07 1.45e-05 0.0003843 0.00193 0.009262 0.01946 0.03826 0.05109 0.05915 
19 28 6.051e-10 1.887e-07 1.369e-05 0.0003685 0.001853 0.008819 0.01833 0.03526 0.04614 0.0524 
19 29 1.577e-10 4.68e-08 3.239e-06 8.411e-05 0.000418 0.002 0.004241 0.008606 0.01192 0.01431 
19 31 2.917e-10 8.73e-08 6.025e-06 0.0001555 0.0007709 0.003682 0.007804 0.01582 0.02187 0.02619 
19 32 5.68e-10 1.676e-07 1.148e-05 0.0002955 0.001468 0.007093 0.01529 0.03217 0.04603 0.05677 
19 33 3.449e-10 1.023e-07 7.044e-06 0.0001824 0.0009093 0.004415 0.009537 0.02008 0.02871 0.03537 
19 34 6.943e-10 2.183e-07 1.582e-05 0.0004262 0.002153 0.01037 0.02182 0.04308 0.05783 0.06734 
20 21 1.889e-10 5.147e-08 3.229e-06 7.566e-05 0.0003534 0.001568 0.003159 0.00592 0.007666 0.008665 
20 22 4.8e-10 1.307e-07 8.154e-06 0.0001881 0.000865 0.003755 0.007502 0.01414 0.01868 0.02163 
20 23 4.926e-10 1.359e-07 8.606e-06 0.000202 0.0009404 0.004165 0.008472 0.0165 0.02242 0.02664 
20 24 2.116e-09 6.116e-07 4.191e-05 0.001092 0.005439 0.02575 0.05327 0.1009 0.1294 0.1437 
20 25 3.078e-09 9.447e-07 6.755e-05 0.001793 0.008933 0.04203 0.08674 0.165 0.2133 0.239 
20 26 3.355e-09 1.031e-06 7.312e-05 0.001909 0.009375 0.04327 0.08836 0.1665 0.2147 0.2405 
20 27 3.199e-10 9.433e-08 6.588e-06 0.0001749 0.0008837 0.004273 0.008995 0.01758 0.02322 0.02655 
20 28 3.571e-10 1.092e-07 7.757e-06 0.0002051 0.001024 0.004875 0.01022 0.02022 0.02731 0.03202 
20 29 1.923e-10 6.135e-08 4.512e-06 0.0001221 0.000613 0.0029 0.005998 0.01147 0.01496 0.01694 
20 31 1.157e-10 3.497e-08 2.408e-06 6.142e-05 0.0003001 0.001386 0.002827 0.005301 0.006803 0.0076 
20 32 1.882e-10 5.61e-08 3.876e-06 0.0001005 0.0005013 0.002427 0.005218 0.01087 0.01538 0.01879 
20 33 4.188e-10 1.233e-07 8.447e-06 0.0002181 0.001087 0.005301 0.01154 0.02468 0.03578 0.0446 
20 34 3.734e-10 1.167e-07 8.319e-06 0.0002182 0.00108 0.005046 0.0104 0.0199 0.02607 0.02972 
21 22 9.237e-09 3.859e-06 0.0003452 0.01108 0.06204 0.338 0.7623 1.602 2.186 2.534 
21 23 6.796e-10 2.709e-07 2.34e-05 0.0007634 0.004509 0.02717 0.0654 0.1471 0.2071 0.2442 
21 24 2.793e-10 1.107e-07 9.365e-06 0.0002787 0.001461 0.007183 0.01509 0.02917 0.03806 0.04302 
21 25 8.991e-11 3.659e-08 3.166e-06 9.602e-05 0.0005088 0.002534 0.005365 0.01044 0.01367 0.01546 
21 26 1.914e-11 8.014e-09 7.094e-07 2.191e-05 0.0001171 0.0005878 0.001245 0.002408 0.003112 0.003468 
21 27 4.199e-10 1.777e-07 1.588e-05 0.0004967 0.002688 0.01388 0.03046 0.06381 0.08971 0.1086 
21 28 1.509e-10 6.329e-08 5.615e-06 0.0001749 0.0009454 0.004867 0.01062 0.02187 0.03018 0.0359 
21 29 3.812e-11 1.624e-08 1.471e-06 4.722e-05 0.0002619 0.001405 0.003167 0.006863 0.009855 0.01211 
21 30 6.536e-09 2.864e-06 0.0002692 0.008921 0.04991 0.2647 0.5805 1.173 1.564 1.787 
21 31 1.243e-09 5.406e-07 5.02e-05 0.001663 0.009441 0.05216 0.119 0.2572 0.363 0.4366 
21 32 4.623e-10 2.057e-07 1.948e-05 0.0006534 0.003723 0.02058 0.04693 0.1016 0.1441 0.1742 
21 33 9.037e-11 4.032e-08 3.823e-06 0.0001288 0.0007382 0.004111 0.009383 0.02014 0.02815 0.0335 
21 34 4.926e-10 2.168e-07 1.989e-05 0.000632 0.00344 0.01785 0.03925 0.0822 0.1153 0.1393 
22 23 8.872e-09 3.713e-06 0.0003325 0.01067 0.05961 0.3237 0.7281 1.526 2.08 2.409 
22 24 1.623e-10 6.515e-08 5.572e-06 0.0001674 0.0008819 0.004364 0.009204 0.01785 0.02333 0.02638 
22 25 1.176e-10 4.68e-08 3.973e-06 0.0001186 0.0006224 0.003061 0.006425 0.01236 0.01604 0.01802 
22 26 3.782e-11 1.511e-08 1.288e-06 3.858e-05 0.0002032 0.001007 0.002129 0.004167 0.005501 0.006287 
22 27 2.575e-10 1.085e-07 9.659e-06 0.0003015 0.00163 0.008406 0.01839 0.03821 0.05325 0.06392 
22 28 1.846e-10 7.877e-08 7.11e-06 0.0002254 0.001233 0.006487 0.01445 0.03101 0.04442 0.0546 
22 29 5.614e-11 2.322e-08 2.024e-06 6.132e-05 0.0003232 0.001594 0.003351 0.006486 0.008483 0.009616 
22 30 5.348e-09 2.344e-06 0.0002203 0.007299 0.04084 0.2166 0.4749 0.9599 1.28 1.462 
22 31 4.233e-10 1.888e-07 1.791e-05 0.0006015 0.003428 0.01895 0.04322 0.09364 0.1328 0.1606 
22 32 6.186e-10 2.648e-07 2.425e-05 0.0007961 0.004515 0.025 0.05707 0.123 0.1727 0.2063 
22 33 4.273e-10 1.901e-07 1.8e-05 0.0006035 0.003437 0.01899 0.0433 0.09389 0.1333 0.1614 
22 34 2.654e-10 1.173e-07 1.082e-05 0.0003469 0.001905 0.01002 0.02226 0.04727 0.06696 0.08142 
23 24 8.795e-11 3.593e-08 3.118e-06 9.482e-05 0.0005029 0.002506 0.005299 0.01028 0.0134 0.01508 
23 25 1.102e-10 4.367e-08 3.693e-06 0.0001099 0.0005762 0.002836 0.005968 0.01157 0.01516 0.0172 
23 26 4.895e-11 1.923e-08 1.614e-06 4.769e-05 0.0002489 0.001216 0.002545 0.004886 0.006344 0.00714 
23 27 1.53e-10 6.46e-08 5.78e-06 0.0001821 0.0009933 0.005193 0.01148 0.02417 0.03397 0.04104 
23 28 1.627e-10 6.839e-08 6.067e-06 0.0001879 0.001008 0.005133 0.01113 0.02283 0.03155 0.03763 
23 29 7.182e-11 3.069e-08 2.77e-06 8.752e-05 0.0004772 0.002497 0.005548 0.01189 0.01705 0.02098 
23 30 4.16e-09 1.823e-06 0.0001713 0.005677 0.03176 0.1685 0.3694 0.7466 0.9954 1.137 
23 31 7.004e-11 3.126e-08 2.964e-06 9.993e-05 0.0005735 0.0032 0.007305 0.01565 0.02178 0.02582 
23 32 3.883e-10 1.732e-07 1.643e-05 0.0005515 0.003142 0.01736 0.03958 0.08584 0.1219 0.1477 
23 33 6.844e-10 2.963e-07 2.74e-05 0.000905 0.005137 0.0284 0.06483 0.1402 0.1977 0.2375 
23 34 1.061e-10 4.721e-08 4.395e-06 0.0001428 0.0007923 0.004214 0.009385 0.01983 0.02781 0.03345 
24 25 9.145e-10 4.88e-07 5.281e-05 0.002012 0.0125 0.07679 0.1845 0.4124 0.5789 0.6816 
24 26 2.388e-10 1.265e-07 1.361e-05 0.0005157 0.003193 0.01951 0.04668 0.1039 0.1456 0.1715 
24 27 3.591e-10 1.996e-07 2.277e-05 0.00092 0.005913 0.03757 0.0916 0.2069 0.2908 0.3416 
24 28 1.552e-10 8.612e-08 9.769e-06 0.0003864 0.002426 0.01489 0.03557 0.07872 0.1097 0.1284 
24 29 4.039e-11 2.225e-08 2.531e-06 0.0001015 0.0006454 0.00403 0.009721 0.02172 0.03042 0.03572 
24 30 1.696e-10 8.421e-08 8.408e-06 0.0002855 0.001608 0.008629 0.01923 0.04051 0.05661 0.06785 
24 31 9.658e-11 5.21e-08 5.579e-06 0.0001988 0.001137 0.006099 0.01343 0.02741 0.0371 0.04315 
24 32 7.195e-11 3.777e-08 3.93e-06 0.0001362 0.0007669 0.004044 0.008822 0.01783 0.02399 0.02778 
24 33 5.621e-11 2.869e-08 2.894e-06 9.694e-05 0.000534 0.002739 0.005867 0.01156 0.01524 0.01736 
24 34 2.754e-10 1.552e-07 1.78e-05 0.000712 0.004503 0.02784 0.06667 0.1475 0.2052 0.2395 
25 26 3.018e-10 1.626e-07 1.776e-05 0.0006809 0.004249 0.02632 0.0636 0.143 0.2011 0.2367 
25 27 1.552e-10 8.612e-08 9.769e-06 0.0003864 0.002426 0.01489 0.03557 0.07872 0.1097 0.1284 
25 28 1.261e-10 6.982e-08 8.014e-06 0.0003319 0.002186 0.01435 0.03561 0.0818 0.1158 0.1366 
25 29 5.149e-11 2.884e-08 3.26e-06 0.0001265 0.0007788 0.004655 0.01095 0.02388 0.033 0.0384 
25 30 1.018e-10 5.052e-08 5.045e-06 0.0001713 0.000965 0.005178 0.01154 0.02431 0.03397 0.04071 
25 31 4.641e-11 2.38e-08 2.413e-06 8.145e-05 0.0004515 0.00234 0.005056 0.01011 0.01351 0.01557 
25 32 5.088e-11 2.694e-08 2.828e-06 9.866e-05 0.0005563 0.002926 0.006348 0.01267 0.01684 0.01926 
25 33 3.756e-11 2.04e-08 2.2e-06 7.905e-05 0.000455 0.002464 0.005465 0.0113 0.01546 0.01815 
25 34 1.178e-10 6.722e-08 7.692e-06 0.0003015 0.001862 0.01108 0.02588 0.05568 0.0763 0.0883 
26 27 4.039e-11 2.225e-08 2.531e-06 0.0001015 0.0006454 0.00403 0.009721 0.02172 0.03042 0.03572 
26 28 5.149e-11 2.884e-08 3.26e-06 0.0001265 0.0007788 0.004655 0.01095 0.02388 0.033 0.0384 
26 29 1.906e-11 1.05e-08 1.224e-06 5.364e-05 0.0003727 0.002612 0.006702 0.01587 0.02276 0.02701 
26 30 3.392e-11 1.684e-08 1.682e-06 5.709e-05 0.0003217 0.001726 0.003846 0.008103 0.01132 0.01357 
26 31 1.638e-11 8.176e-09 8.025e-07 2.604e-05 0.0001402 0.0006959 0.001455 0.002757 0.003517 0.003883 
26 32 1.201e-11 6.424e-09 6.829e-07 2.43e-05 0.0001396 0.0007597 0.001699 0.003576 0.004977 0.005939 
26 33 1.656e-11 9.113e-09 9.951e-07 3.606e-05 0.0002078 0.001121 0.002469 0.005027 0.006772 0.007836 
26 34 2.879e-11 1.655e-08 1.904e-06 7.51e-05 0.0004663 0.002792 0.006544 0.01414 0.01944 0.02257 
27 28 9.807e-10 5.569e-07 6.255e-05 0.002406 0.01481 0.08914 0.2114 0.4666 0.6518 0.7656 
27 29 2.11e-10 1.152e-07 1.25e-05 0.0004712 0.002891 0.01744 0.04142 0.09114 0.1265 0.1476 
27 30 1.378e-10 7.856e-08 8.816e-06 0.0003295 0.001943 0.01085 0.02458 0.05235 0.0732 0.08749 
27 31 1.366e-10 7.51e-08 8.153e-06 0.0002955 0.001712 0.009337 0.02076 0.04288 0.05848 0.0684 
27 32 7.94e-11 4.366e-08 4.726e-06 0.0001703 0.0009819 0.005314 0.01174 0.024 0.03242 0.03759 
27 33 4.873e-11 2.66e-08 2.842e-06 0.0001006 0.000572 0.003038 0.006621 0.01324 0.01757 0.02004 
27 34 4.459e-10 2.649e-07 3.173e-05 0.001352 0.009062 0.06102 0.1541 0.3622 0.5211 0.6225 
28 29 4.048e-10 2.383e-07 2.753e-05 0.001077 0.006647 0.03991 0.09455 0.2093 0.2938 0.3469 
28 30 8.27e-11 4.714e-08 5.289e-06 0.0001977 0.001166 0.006513 0.01475 0.03141 0.04392 0.0525 
28 31 3.918e-11 2.156e-08 2.324e-06 8.304e-05 0.0004755 0.002546 0.005576 0.01121 0.01492 0.01706 
28 32 6.707e-11 3.656e-08 3.928e-06 0.0001406 0.0008079 0.004358 0.009623 0.01971 0.02672 0.03111 
28 33 5.261e-11 2.91e-08 3.18e-06 0.0001162 0.0006763 0.003709 0.008273 0.01715 0.02344 0.02745 
28 34 1.733e-10 1.048e-07 1.263e-05 0.0005294 0.003464 0.02245 0.05543 0.1275 0.1822 0.2174 
29 30 2.757e-11 1.571e-08 1.763e-06 6.589e-05 0.0003887 0.002171 0.004916 0.01047 0.01464 0.0175 
29 31 1.193e-11 6.415e-09 6.707e-07 2.305e-05 0.0001283 0.0006606 0.001408 0.002722 0.003511 0.003905 
29 32 1.239e-11 6.997e-09 7.786e-07 2.891e-05 0.0001699 0.0009409 0.002106 0.004366 0.005942 0.006923 
29 33 2.863e-11 1.566e-08 1.695e-06 6.132e-05 0.0003551 0.001936 0.00431 0.008936 0.01224 0.01438 
29 34 3.998e-11 2.449e-08 2.983e-06 0.0001262 0.0008296 0.00539 0.01329 0.03047 0.04335 0.05153 
30 31 2.618e-10 1.646e-07 2.044e-05 0.0008412 0.005238 0.03095 0.07188 0.1555 0.2168 0.257 
30 32 2.215e-10 1.393e-07 1.729e-05 0.0007118 0.004432 0.02619 0.06083 0.1315 0.1835 0.2174 
30 33 1.812e-10 1.14e-07 1.415e-05 0.0005824 0.003626 0.02143 0.04977 0.1076 0.1501 0.1779 
30 34 1.296e-10 8.159e-08 1.001e-05 0.0004044 0.002493 0.01463 0.034 0.07415 0.1046 0.1253 
31 32 1.56e-09 1.13e-06 0.0001535 0.006864 0.04558 0.2963 0.732 1.689 2.419 2.887 
31 33 9.847e-11 7.216e-08 1.014e-05 0.0004877 0.003462 0.02463 0.06397 0.1547 0.2259 0.272 
31 34 1.426e-10 9.766e-08 1.233e-05 0.0004943 0.002987 0.01687 0.03809 0.08001 0.1103 0.1302 
32 33 1.518e-09 1.099e-06 0.0001492 0.006663 0.04418 0.2866 0.7073 1.631 2.335 2.787 
32 34 7.829e-11 5.315e-08 6.64e-06 0.0002631 0.001575 0.008775 0.0196 0.04046 0.05495 0.06399 
33 34 3.098e-11 2.108e-08 2.637e-06 0.0001045 0.0006262 0.00349 0.007793 0.01605 0.02172 0.02519 
*** Ni III collision strengths 
*** ATOM nickel
*** SPECTRUM 3
*** GSCONFIG d8
*** N_LEVELS 34
*** T_UNIT K
*** SOURCE1 Bautista 2001, A&A 365, 268
*** NOTE1 Collision strengths
