 0  0  .50       .70       1.       1.5       2.0     
 1  2  3.23e+00  3.06e+00  2.85e+00  2.62e+00  2.47e+00
 1  3  4.50e-01  4.38e-01  4.19e-01  3.94e-01  3.75e-01
 1  4  1.79e-01  1.80e-01  1.78e-01  1.74e-01  1.70e-01
 1  5  8.44e-02  8.55e-02  8.57e-02  8.50e-02  8.39e-02
 1  6  1.99e+00  1.92e+00  1.84e+00  1.71e+00  1.62e+00
 1  7  7.30e-01  7.08e-01  6.78e-01  6.35e-01  5.98e-01
 1  8  1.57e-01  1.50e-01  1.42e-01  1.31e-01  1.21e-01
 1  9  2.69e-02  2.48e-02  2.25e-02  1.96e-02  1.74e-02
 1 10  4.62e+00  4.47e+00  4.26e+00  3.96e+00  3.72e+00
 1 11  1.43e-01  1.31e-01  1.17e-01  1.01e-01  9.02e-02
 1 12  4.70e-02  4.54e-02  4.27e-02  3.90e-02  3.63e-02
 1 13  2.10e-02  2.04e-02  1.94e-02  1.80e-02  1.70e-02
 1 14  7.12e-01  6.96e-01  6.74e-01  6.45e-01  6.20e-01
 1 15  4.26e-01  4.17e-01  4.06e-01  3.91e-01  3.77e-01
 1 16  6.31e-03  6.01e-03  5.45e-03  4.63e-03  4.04e-03
 1 17  5.27e-02  4.33e-02  3.42e-02  2.54e-02  2.02e-02
 1 18  1.92e-02  1.60e-02  1.28e-02  9.54e-03  7.60e-03
 1 19  1.00e-02  8.98e-03  8.05e-03  7.16e-03  6.61e-03
 1 20  5.94e-04  4.74e-04  3.69e-04  2.75e-04  2.22e-04
 1 21  6.52e-03  5.20e-03  4.08e-03  3.09e-03  2.67e-03
 1 22  3.93e-03  3.65e-03  3.26e-03  2.79e-03  2.42e-03
 1 23  2.83e-03  2.28e-03  1.79e-03  1.38e-03  1.16e-03
 1 24  1.40e-01  1.41e-01  1.44e-01  1.50e-01  1.55e-01
 1 25  3.12e-01  3.16e-01  3.26e-01  3.49e-01  3.71e-01
 1 26  9.82e-04  9.12e-04  8.14e-04  6.98e-04  6.12e-04
 1 27  1.66e-01  1.69e-01  1.77e-01  1.91e-01  2.04e-01
 1 28  6.49e-02  6.48e-02  6.60e-02  6.94e-02  7.33e-02
 1 29  1.69e-02  1.59e-02  1.51e-02  1.47e-02  1.49e-02
 1 30  3.41e-02  3.44e-02  3.49e-02  3.58e-02  3.66e-02
 1 31  1.04e-03  1.02e-03  9.64e-04  8.85e-04  8.35e-04
 1 32  2.30e-01  2.36e-01  2.44e-01  2.59e-01  2.73e-01
 1 33  1.23e-01  1.27e-01  1.31e-01  1.39e-01  1.46e-01
 1 34  6.15e-02  6.37e-02  6.63e-02  7.05e-02  7.45e-02
 1 35  1.78e-02  1.86e-02  1.96e-02  2.11e-02  2.24e-02
 1 36  7.21e-01  7.30e-01  7.43e-01  7.60e-01  7.70e-01
 1 37  2.67e-01  2.75e-01  2.86e-01  3.06e-01  3.24e-01
 1 38  4.65e-04  4.31e-04  3.92e-04  3.55e-04  3.33e-04
 1 39  1.10e-01  1.12e-01  1.16e-01  1.23e-01  1.30e-01
 1 40  3.02e-02  3.07e-02  3.15e-02  3.29e-02  3.44e-02
 1 41  5.46e-03  5.45e-03  5.41e-03  5.42e-03  5.49e-03
 1 42  1.17e-02  1.21e-02  1.26e-02  1.35e-02  1.43e-02
 1 43  1.21e-03  1.26e-03  1.32e-03  1.41e-03  1.50e-03
 1 44  3.16e-04  3.08e-04  3.08e-04  3.19e-04  3.32e-04
 1 45  1.04e-03  9.70e-04  8.77e-04  7.75e-04  7.10e-04
 1 46  4.16e-04  3.75e-04  3.22e-04  2.66e-04  2.34e-04
 1 47  8.73e-04  7.01e-04  5.67e-04  4.68e-04  4.20e-04
 1 48  3.18e-04  2.41e-04  1.81e-04  1.34e-04  1.12e-04
 1 49  3.79e-02  3.96e-02  4.22e-02  4.62e-02  4.95e-02
 1 50  1.80e-02  1.89e-02  2.03e-02  2.25e-02  2.43e-02
 1 51  9.16e-02  9.49e-02  9.97e-02  1.07e-01  1.13e-01
 1 52  1.63e-01  1.68e-01  1.76e-01  1.88e-01  1.98e-01
 2  3  3.49e+00  3.30e+00  3.10e+00  2.87e+00  2.72e+00
 2  4  3.80e-01  3.68e-01  3.49e-01  3.26e-01  3.08e-01
 2  5  8.19e-02  7.93e-02  7.55e-02  7.06e-02  6.66e-02
 2  6  1.02e+00  9.49e-01  8.75e-01  7.91e-01  7.31e-01
 2  7  8.25e-01  7.80e-01  7.29e-01  6.68e-01  6.23e-01
 2  8  6.23e-01  6.00e-01  5.69e-01  5.30e-01  5.00e-01
 2  9  1.68e-01  1.58e-01  1.47e-01  1.34e-01  1.24e-01
 2 10  1.06e+00  1.01e+00  9.59e-01  8.85e-01  8.27e-01
 2 11  2.84e+00  2.73e+00  2.60e+00  2.41e+00  2.27e+00
 2 12  7.92e-02  7.46e-02  6.85e-02  6.02e-02  5.42e-02
 2 13  2.29e-02  2.17e-02  1.99e-02  1.75e-02  1.57e-02
 2 14  5.59e-01  5.44e-01  5.25e-01  5.00e-01  4.80e-01
 2 15  1.16e-01  1.11e-01  1.06e-01  9.87e-02  9.37e-02
 2 16  2.57e-01  2.53e-01  2.47e-01  2.38e-01  2.30e-01
 2 17  3.66e-02  3.03e-02  2.42e-02  1.81e-02  1.44e-02
 2 18  2.35e-02  2.00e-02  1.63e-02  1.24e-02  1.00e-02
 2 19  8.00e-03  6.53e-03  5.27e-03  4.11e-03  3.48e-03
 2 20  3.46e-03  2.98e-03  2.57e-03  2.17e-03  1.95e-03
 2 21  3.07e-03  2.47e-03  1.95e-03  1.49e-03  1.27e-03
 2 22  3.83e-03  3.31e-03  2.78e-03  2.24e-03  1.88e-03
 2 23  2.91e-03  2.31e-03  1.79e-03  1.34e-03  1.09e-03
 2 24  8.14e-02  8.11e-02  8.17e-02  8.36e-02  8.57e-02
 2 25  1.27e-01  1.31e-01  1.37e-01  1.50e-01  1.62e-01
 2 26  1.60e-03  1.49e-03  1.31e-03  1.07e-03  9.01e-04
 2 27  1.04e-01  1.05e-01  1.08e-01  1.15e-01  1.22e-01
 2 28  1.18e-01  1.20e-01  1.25e-01  1.34e-01  1.44e-01
 2 29  5.63e-02  5.67e-02  5.82e-02  6.18e-02  6.57e-02
 2 30  4.30e-02  4.34e-02  4.45e-02  4.67e-02  4.87e-02
 2 31  1.92e-02  1.93e-02  1.97e-02  2.03e-02  2.09e-02
 2 32  1.27e-01  1.30e-01  1.35e-01  1.44e-01  1.52e-01
 2 33  1.13e-01  1.15e-01  1.18e-01  1.24e-01  1.30e-01
 2 34  6.11e-02  6.17e-02  6.26e-02  6.45e-02  6.68e-02
 2 35  4.91e-02  5.07e-02  5.30e-02  5.67e-02  6.00e-02
 2 36  5.84e-01  5.91e-01  6.01e-01  6.14e-01  6.21e-01
 2 37  1.10e-01  1.13e-01  1.19e-01  1.28e-01  1.37e-01
 2 38  8.39e-04  8.02e-04  7.66e-04  7.43e-04  7.38e-04
 2 39  1.24e-01  1.26e-01  1.29e-01  1.36e-01  1.42e-01
 2 40  8.76e-02  9.04e-02  9.47e-02  1.02e-01  1.08e-01
 2 41  3.74e-02  3.88e-02  4.08e-02  4.42e-02  4.73e-02
 2 42  4.63e-03  4.82e-03  5.11e-03  5.56e-03  5.97e-03
 2 43  1.62e-03  1.66e-03  1.72e-03  1.81e-03  1.89e-03
 2 44  4.08e-04  3.74e-04  3.44e-04  3.22e-04  3.12e-04
 2 45  9.59e-04  9.30e-04  8.98e-04  8.81e-04  8.83e-04
 2 46  8.30e-04  7.65e-04  6.85e-04  6.09e-04  5.71e-04
 2 47  5.21e-04  4.28e-04  3.55e-04  3.06e-04  2.83e-04
 2 48  4.20e-04  3.21e-04  2.41e-04  1.78e-04  1.52e-04
 2 49  6.34e-02  6.56e-02  6.89e-02  7.40e-02  7.81e-02
 2 50  1.56e-02  1.61e-02  1.70e-02  1.82e-02  1.92e-02
 2 51  6.44e-02  6.69e-02  7.07e-02  7.66e-02  8.14e-02
 2 52  1.05e-01  1.09e-01  1.14e-01  1.23e-01  1.30e-01
 3  4  2.89e+00  2.73e+00  2.56e+00  2.37e+00  2.24e+00
 3  5  2.83e-01  2.69e-01  2.52e-01  2.31e-01  2.16e-01
 3  6  3.62e-01  3.29e-01  2.98e-01  2.63e-01  2.40e-01
 3  7  7.21e-01  6.81e-01  6.35e-01  5.81e-01  5.42e-01
 3  8  5.27e-01  4.94e-01  4.57e-01  4.14e-01  3.83e-01
 3  9  4.50e-01  4.29e-01  4.05e-01  3.75e-01  3.52e-01
 3 10  2.01e-01  1.88e-01  1.73e-01  1.55e-01  1.42e-01
 3 11  1.30e+00  1.24e+00  1.17e+00  1.08e+00  1.01e+00
 3 12  1.55e+00  1.49e+00  1.41e+00  1.31e+00  1.23e+00
 3 13  3.94e-02  3.71e-02  3.39e-02  2.95e-02  2.61e-02
 3 14  3.21e-01  3.12e-01  3.00e-01  2.85e-01  2.73e-01
 3 15  1.82e-01  1.76e-01  1.68e-01  1.59e-01  1.52e-01
 3 16  1.98e-01  1.94e-01  1.89e-01  1.81e-01  1.75e-01
 3 17  1.89e-02  1.55e-02  1.23e-02  9.14e-03  7.30e-03
 3 18  2.10e-02  1.79e-02  1.45e-02  1.10e-02  8.88e-03
 3 19  1.11e-02  9.11e-03  7.39e-03  5.81e-03  4.95e-03
 3 20  4.53e-03  3.72e-03  3.03e-03  2.41e-03  2.08e-03
 3 21  1.31e-03  1.05e-03  8.22e-04  6.26e-04  5.29e-04
 3 22  3.25e-03  2.83e-03  2.40e-03  1.92e-03  1.60e-03
 3 23  1.79e-03  1.43e-03  1.12e-03  8.49e-04  7.01e-04
 3 24  4.16e-02  4.06e-02  4.00e-02  4.01e-02  4.05e-02
 3 25  3.80e-02  3.89e-02  4.06e-02  4.41e-02  4.74e-02
 3 26  1.68e-03  1.50e-03  1.27e-03  1.01e-03  8.34e-04
 3 27  8.50e-02  8.79e-02  9.30e-02  1.02e-01  1.10e-01
 3 28  6.73e-02  6.85e-02  7.11e-02  7.62e-02  8.15e-02
 3 29  9.35e-02  9.55e-02  9.94e-02  1.07e-01  1.15e-01
 3 30  4.28e-02  4.31e-02  4.41e-02  4.60e-02  4.79e-02
 3 31  2.53e-02  2.57e-02  2.64e-02  2.76e-02  2.86e-02
 3 32  5.52e-02  5.67e-02  5.91e-02  6.32e-02  6.69e-02
 3 33  6.97e-02  7.07e-02  7.23e-02  7.57e-02  7.90e-02
 3 34  8.43e-02  8.58e-02  8.81e-02  9.22e-02  9.64e-02
 3 35  4.41e-02  4.47e-02  4.56e-02  4.74e-02  4.91e-02
 3 36  4.42e-01  4.47e-01  4.54e-01  4.63e-01  4.68e-01
 3 37  4.20e-02  4.36e-02  4.62e-02  5.07e-02  5.48e-02
 3 38  6.29e-04  5.88e-04  5.44e-04  5.07e-04  4.87e-04
 3 39  8.38e-02  8.59e-02  8.97e-02  9.65e-02  1.03e-01
 3 40  8.69e-02  8.92e-02  9.26e-02  9.85e-02  1.04e-01
 3 41  7.16e-02  7.44e-02  7.85e-02  8.51e-02  9.10e-02
 3 42  1.87e-03  1.97e-03  2.10e-03  2.32e-03  2.51e-03
 3 43  8.94e-04  9.21e-04  9.58e-04  1.02e-03  1.08e-03
 3 44  8.71e-04  8.23e-04  7.93e-04  7.85e-04  7.92e-04
 3 45  6.79e-04  6.62e-04  6.46e-04  6.41e-04  6.47e-04
 3 46  9.56e-04  9.13e-04  8.60e-04  8.16e-04  8.05e-04
 3 47  3.50e-04  2.92e-04  2.48e-04  2.19e-04  2.06e-04
 3 48  2.25e-04  1.76e-04  1.39e-04  1.10e-04  9.84e-05
 3 49  3.04e-02  3.14e-02  3.30e-02  3.54e-02  3.73e-02
 3 50  3.13e-02  3.22e-02  3.36e-02  3.58e-02  3.76e-02
 3 51  6.67e-02  6.90e-02  7.26e-02  7.81e-02  8.26e-02
 3 52  5.81e-02  6.05e-02  6.39e-02  6.93e-02  7.38e-02
 4  5  1.80e+00  1.71e+00  1.60e+00  1.49e+00  1.41e+00
 4  6  7.90e-02  7.05e-02  6.24e-02  5.39e-02  4.80e-02
 4  7  3.86e-01  3.61e-01  3.33e-01  3.02e-01  2.80e-01
 4  8  4.48e-01  4.21e-01  3.90e-01  3.54e-01  3.28e-01
 4  9  4.79e-01  4.52e-01  4.21e-01  3.85e-01  3.59e-01
 4 10  5.80e-02  5.41e-02  4.92e-02  4.31e-02  3.88e-02
 4 11  2.69e-01  2.50e-01  2.31e-01  2.08e-01  1.92e-01
 4 12  1.09e+00  1.05e+00  9.93e-01  9.22e-01  8.64e-01
 4 13  6.54e-01  6.28e-01  5.97e-01  5.55e-01  5.21e-01
 4 14  1.37e-01  1.32e-01  1.26e-01  1.19e-01  1.14e-01
 4 15  2.42e-01  2.36e-01  2.28e-01  2.18e-01  2.10e-01
 4 16  8.69e-02  8.42e-02  8.08e-02  7.63e-02  7.28e-02
 4 17  6.20e-03  5.15e-03  4.10e-03  3.07e-03  2.46e-03
 4 18  1.41e-02  1.20e-02  9.69e-03  7.32e-03  5.92e-03
 4 19  8.94e-03  7.61e-03  6.44e-03  5.35e-03  4.74e-03
 4 20  3.77e-03  3.04e-03  2.40e-03  1.85e-03  1.55e-03
 4 21  5.38e-04  4.25e-04  3.29e-04  2.43e-04  2.01e-04
 4 22  1.87e-03  1.67e-03  1.44e-03  1.18e-03  9.78e-04
 4 23  8.36e-04  6.77e-04  5.37e-04  4.15e-04  3.45e-04
 4 24  1.79e-02  1.69e-02  1.61e-02  1.55e-02  1.54e-02
 4 25  5.33e-03  5.40e-03  5.57e-03  5.96e-03  6.36e-03
 4 26  1.55e-03  1.40e-03  1.22e-03  9.90e-04  8.37e-04
 4 27  4.47e-02  4.62e-02  4.87e-02  5.32e-02  5.75e-02
 4 28  5.55e-02  5.70e-02  5.98e-02  6.48e-02  6.98e-02
 4 29  7.77e-02  7.96e-02  8.33e-02  9.01e-02  9.68e-02
 4 30  3.42e-02  3.41e-02  3.44e-02  3.55e-02  3.66e-02
 4 31  2.23e-02  2.28e-02  2.36e-02  2.49e-02  2.61e-02
 4 32  1.83e-02  1.87e-02  1.94e-02  2.07e-02  2.18e-02
 4 33  4.25e-02  4.31e-02  4.43e-02  4.66e-02  4.88e-02
 4 34  5.73e-02  5.80e-02  5.92e-02  6.18e-02  6.45e-02
 4 35  4.72e-02  4.73e-02  4.78e-02  4.91e-02  5.05e-02
 4 36  2.96e-01  2.99e-01  3.04e-01  3.09e-01  3.13e-01
 4 37  1.28e-02  1.32e-02  1.40e-02  1.53e-02  1.66e-02
 4 38  5.89e-04  5.56e-04  5.21e-04  4.94e-04  4.81e-04
 4 39  4.73e-02  4.93e-02  5.24e-02  5.78e-02  6.25e-02
 4 40  6.57e-02  6.79e-02  7.12e-02  7.68e-02  8.17e-02
 4 41  7.15e-02  7.38e-02  7.73e-02  8.29e-02  8.78e-02
 4 42  6.00e-04  6.30e-04  6.74e-04  7.44e-04  8.06e-04
 4 43  4.45e-04  4.64e-04  4.91e-04  5.36e-04  5.77e-04
 4 44  6.02e-04  5.62e-04  5.34e-04  5.21e-04  5.19e-04
 4 45  3.61e-04  3.50e-04  3.39e-04  3.34e-04  3.35e-04
 4 46  9.58e-04  9.28e-04  8.90e-04  8.61e-04  8.60e-04
 4 47  1.95e-04  1.61e-04  1.36e-04  1.19e-04  1.12e-04
 4 48  1.43e-04  1.14e-04  9.12e-05  7.41e-05  6.77e-05
 4 49  3.07e-02  3.17e-02  3.31e-02  3.53e-02  3.71e-02
 4 50  2.11e-02  2.17e-02  2.26e-02  2.41e-02  2.53e-02
 4 51  4.17e-02  4.31e-02  4.52e-02  4.84e-02  5.10e-02
 4 52  3.09e-02  3.24e-02  3.46e-02  3.80e-02  4.08e-02
 5  6  1.37e-02  1.23e-02  1.10e-02  9.48e-03  8.24e-03
 5  7  7.92e-02  7.34e-02  6.73e-02  6.05e-02  5.56e-02
 5  8  3.08e-01  2.93e-01  2.75e-01  2.55e-01  2.39e-01
 5  9  2.49e-01  2.35e-01  2.19e-01  2.00e-01  1.86e-01
 5 10  2.38e-02  2.27e-02  2.10e-02  1.87e-02  1.70e-02
 5 11  3.45e-02  3.05e-02  2.64e-02  2.20e-02  1.91e-02
 5 12  2.31e-01  2.20e-01  2.07e-01  1.90e-01  1.77e-01
 5 13  7.44e-01  7.16e-01  6.81e-01  6.34e-01  5.96e-01
 5 14  4.03e-02  3.85e-02  3.64e-02  3.38e-02  3.20e-02
 5 15  1.70e-01  1.67e-01  1.62e-01  1.56e-01  1.50e-01
 5 16  2.13e-02  1.99e-02  1.83e-02  1.63e-02  1.50e-02
 5 17  2.01e-03  1.69e-03  1.34e-03  1.00e-03  8.09e-04
 5 18  4.60e-03  3.89e-03  3.15e-03  2.38e-03  1.94e-03
 5 19  5.57e-03  4.79e-03  4.11e-03  3.47e-03  3.10e-03
 5 20  1.91e-03  1.54e-03  1.20e-03  9.11e-04  7.50e-04
 5 21  1.05e-04  8.24e-05  6.34e-05  4.59e-05  3.73e-05
 5 22  2.57e-04  2.11e-04  1.69e-04  1.33e-04  1.11e-04
 5 23  8.96e-04  7.76e-04  6.51e-04  5.18e-04  4.29e-04
 5 24  9.01e-04  8.38e-04  7.44e-04  6.22e-04  5.41e-04
 5 25  5.98e-03  5.37e-03  4.86e-03  4.43e-03  4.21e-03
 5 26  1.85e-02  1.83e-02  1.84e-02  1.88e-02  1.93e-02
 5 27  1.29e-02  1.32e-02  1.38e-02  1.47e-02  1.55e-02
 5 28  2.05e-05  1.83e-05  1.57e-05  1.30e-05  1.17e-05
 5 29  7.85e-03  8.05e-03  8.43e-03  9.15e-03  9.85e-03
 5 30  4.30e-02  4.44e-02  4.70e-02  5.14e-02  5.56e-02
 5 31  4.04e-02  4.12e-02  4.28e-02  4.59e-02  4.90e-02
 5 32  4.11e-03  4.17e-03  4.26e-03  4.43e-03  4.61e-03
 5 33  1.99e-02  2.05e-02  2.15e-02  2.29e-02  2.43e-02
 5 34  2.28e-02  2.28e-02  2.30e-02  2.36e-02  2.45e-02
 5 35  3.36e-02  3.36e-02  3.40e-02  3.51e-02  3.62e-02
 5 36  1.48e-01  1.50e-01  1.52e-01  1.55e-01  1.56e-01
 5 37  1.77e-03  1.80e-03  1.88e-03  2.03e-03  2.17e-03
 5 38  2.13e-02  2.22e-02  2.37e-02  2.63e-02  2.85e-02
 5 39  3.63e-02  3.80e-02  4.05e-02  4.46e-02  4.83e-02
 5 40  4.23e-02  4.33e-02  4.49e-02  4.75e-02  4.98e-02
 5 41  3.82e-04  3.69e-04  3.55e-04  3.49e-04  3.51e-04
 5 42  2.11e-04  1.90e-04  1.71e-04  1.56e-04  1.49e-04
 5 43  8.29e-05  8.65e-05  9.19e-05  1.01e-04  1.09e-04
 5 44  2.15e-04  2.25e-04  2.40e-04  2.63e-04  2.85e-04
 5 45  1.73e-04  1.63e-04  1.52e-04  1.45e-04  1.42e-04
 5 46  6.24e-04  6.05e-04  5.80e-04  5.62e-04  5.58e-04
 5 47  7.90e-05  6.42e-05  5.23e-05  4.36e-05  4.00e-05
 5 48  8.07e-05  6.41e-05  5.12e-05  4.16e-05  3.77e-05
 5 49  2.53e-02  2.60e-02  2.71e-02  2.89e-02  3.03e-02
 5 50  7.21e-03  7.45e-03  7.79e-03  8.33e-03  8.76e-03
 5 51  1.58e-02  1.63e-02  1.71e-02  1.83e-02  1.92e-02
 5 52  1.39e-02  1.47e-02  1.58e-02  1.75e-02  1.89e-02
 6  7  2.45e+00  2.39e+00  2.27e+00  2.07e+00  1.91e+00
 6  8  6.98e-01  6.88e-01  6.55e-01  5.98e-01  5.49e-01
 6  9  2.09e-01  2.08e-01  2.01e-01  1.87e-01  1.74e-01
 6 10  1.74e+00  1.75e+00  1.76e+00  1.75e+00  1.74e+00
 6 11  5.36e-01  5.44e-01  5.46e-01  5.43e-01  5.38e-01
 6 12  7.67e-02  7.77e-02  7.59e-02  7.09e-02  6.61e-02
 6 13  1.13e-02  1.16e-02  1.11e-02  9.69e-03  8.48e-03
 6 14  8.61e-01  8.28e-01  7.90e-01  7.53e-01  7.33e-01
 6 15  3.26e-01  3.16e-01  3.04e-01  2.92e-01  2.84e-01
 6 16  1.10e-01  1.07e-01  1.05e-01  1.02e-01  1.01e-01
 6 17  1.29e+00  1.18e+00  1.09e+00  9.96e-01  9.48e-01
 6 18  3.05e-01  2.71e-01  2.40e-01  2.12e-01  1.98e-01
 6 19  2.04e-01  1.95e-01  1.88e-01  1.86e-01  1.86e-01
 6 20  4.09e-02  4.08e-02  4.11e-02  4.21e-02  4.31e-02
 6 21  6.24e-01  6.19e-01  6.22e-01  6.33e-01  6.47e-01
 6 22  3.26e-01  3.20e-01  3.14e-01  3.10e-01  3.08e-01
 6 23  9.40e-02  9.24e-02  9.14e-02  9.19e-02  9.30e-02
 6 24  5.59e-01  5.55e-01  5.52e-01  5.52e-01  5.53e-01
 6 25  1.18e+00  1.11e+00  1.05e+00  9.93e-01  9.59e-01
 6 26  4.44e-02  4.40e-02  4.37e-02  4.38e-02  4.43e-02
 6 27  4.49e-01  4.18e-01  3.87e-01  3.56e-01  3.36e-01
 6 28  1.27e-01  1.15e-01  1.02e-01  8.97e-02  8.21e-02
 6 29  2.59e-02  2.22e-02  1.86e-02  1.50e-02  1.30e-02
 6 30  5.26e-02  5.13e-02  4.97e-02  4.77e-02  4.62e-02
 6 31  6.34e-03  6.37e-03  6.31e-03  6.19e-03  6.07e-03
 6 32  6.52e-01  6.32e-01  6.12e-01  5.91e-01  5.77e-01
 6 33  1.98e-01  1.93e-01  1.87e-01  1.80e-01  1.75e-01
 6 34  3.99e-02  3.83e-02  3.65e-02  3.46e-02  3.33e-02
 6 35  3.62e-03  3.38e-03  3.12e-03  2.85e-03  2.67e-03
 6 36  4.42e-03  4.49e-03  4.61e-03  4.79e-03  4.92e-03
 6 37  7.68e-01  7.47e-01  7.24e-01  7.02e-01  6.87e-01
 6 38  8.68e-02  8.59e-02  8.48e-02  8.31e-02  8.15e-02
 6 39  1.89e-01  1.81e-01  1.72e-01  1.63e-01  1.57e-01
 6 40  4.87e-02  4.65e-02  4.41e-02  4.15e-02  3.97e-02
 6 41  6.33e-03  5.75e-03  5.19e-03  4.62e-03  4.27e-03
 6 42  3.10e-01  3.08e-01  3.07e-01  3.06e-01  3.05e-01
 6 43  4.74e-02  4.68e-02  4.63e-02  4.58e-02  4.54e-02
 6 44  3.38e-03  3.39e-03  3.41e-03  3.45e-03  3.49e-03
 6 45  1.99e-01  1.98e-01  1.94e-01  1.90e-01  1.85e-01
 6 46  2.05e-02  2.02e-02  1.99e-02  1.94e-02  1.90e-02
 6 47  2.51e-01  2.48e-01  2.44e-01  2.40e-01  2.35e-01
 6 48  1.71e-02  1.66e-02  1.59e-02  1.51e-02  1.45e-02
 6 49  6.79e-03  6.46e-03  6.10e-03  5.72e-03  5.46e-03
 6 50  4.34e-04  4.36e-04  4.40e-04  4.49e-04  4.57e-04
 6 51  4.74e-02  4.51e-02  4.32e-02  4.13e-02  4.02e-02
 6 52  1.46e-01  1.44e-01  1.42e-01  1.39e-01  1.38e-01
 7  8  2.06e+00  2.01e+00  1.90e+00  1.73e+00  1.60e+00
 7  9  7.34e-01  7.04e-01  6.52e-01  5.79e-01  5.24e-01
 7 10  7.24e-01  7.28e-01  7.26e-01  7.16e-01  7.04e-01
 7 11  6.67e-01  6.72e-01  6.72e-01  6.67e-01  6.61e-01
 7 12  4.83e-01  4.90e-01  4.94e-01  4.96e-01  4.96e-01
 7 13  7.46e-02  7.44e-02  7.24e-02  6.79e-02  6.41e-02
 7 14  5.35e-01  5.07e-01  4.78e-01  4.49e-01  4.31e-01
 7 15  4.35e-01  4.13e-01  3.91e-01  3.69e-01  3.56e-01
 7 16  1.40e-01  1.34e-01  1.27e-01  1.21e-01  1.16e-01
 7 17  7.19e-01  6.60e-01  6.01e-01  5.45e-01  5.14e-01
 7 18  5.72e-01  5.22e-01  4.74e-01  4.30e-01  4.06e-01
 7 19  1.83e-01  1.69e-01  1.59e-01  1.51e-01  1.48e-01
 7 20  6.65e-02  6.31e-02  6.05e-02  5.89e-02  5.86e-02
 7 21  3.27e-01  3.22e-01  3.19e-01  3.22e-01  3.28e-01
 7 22  2.09e-01  2.03e-01  1.98e-01  1.94e-01  1.93e-01
 7 23  2.69e-01  2.68e-01  2.68e-01  2.73e-01  2.78e-01
 7 24  2.31e-01  2.25e-01  2.21e-01  2.17e-01  2.15e-01
 7 25  2.49e-01  2.28e-01  2.07e-01  1.85e-01  1.72e-01
 7 26  1.20e-01  1.18e-01  1.16e-01  1.15e-01  1.15e-01
 7 27  6.53e-01  6.22e-01  5.93e-01  5.68e-01  5.54e-01
 7 28  4.09e-01  3.86e-01  3.64e-01  3.43e-01  3.29e-01
 7 29  1.02e-01  9.42e-02  8.63e-02  7.82e-02  7.30e-02
 7 30  2.42e-01  2.41e-01  2.40e-01  2.41e-01  2.42e-01
 7 31  2.51e-02  2.44e-02  2.34e-02  2.23e-02  2.15e-02
 7 32  1.60e-01  1.51e-01  1.41e-01  1.30e-01  1.23e-01
 7 33  3.05e-01  2.97e-01  2.89e-01  2.81e-01  2.77e-01
 7 34  1.68e-01  1.64e-01  1.60e-01  1.55e-01  1.53e-01
 7 35  4.26e-02  4.07e-02  3.86e-02  3.63e-02  3.47e-02
 7 36  3.29e-03  3.35e-03  3.45e-03  3.59e-03  3.69e-03
 7 37  2.26e-01  2.17e-01  2.08e-01  2.00e-01  1.95e-01
 7 38  5.61e-02  5.53e-02  5.44e-02  5.32e-02  5.21e-02
 7 39  4.51e-01  4.38e-01  4.26e-01  4.16e-01  4.09e-01
 7 40  2.05e-01  1.98e-01  1.91e-01  1.84e-01  1.79e-01
 7 41  6.80e-02  6.46e-02  6.10e-02  5.73e-02  5.48e-02
 7 42  1.90e-01  1.89e-01  1.88e-01  1.86e-01  1.84e-01
 7 43  1.19e-01  1.19e-01  1.18e-01  1.17e-01  1.17e-01
 7 44  2.60e-02  2.56e-02  2.52e-02  2.46e-02  2.41e-02
 7 45  1.13e-01  1.12e-01  1.10e-01  1.07e-01  1.05e-01
 7 46  6.79e-02  6.71e-02  6.57e-02  6.38e-02  6.21e-02
 7 47  1.44e-01  1.42e-01  1.40e-01  1.37e-01  1.34e-01
 7 48  1.02e-01  1.02e-01  1.01e-01  9.87e-02  9.69e-02
 7 49  3.79e-02  3.74e-02  3.69e-02  3.65e-02  3.63e-02
 7 50  7.38e-03  7.09e-03  6.75e-03  6.36e-03  6.07e-03
 7 51  6.63e-02  6.48e-02  6.33e-02  6.19e-02  6.10e-02
 7 52  6.19e-02  6.09e-02  5.97e-02  5.84e-02  5.74e-02
 8  9  1.70e+00  1.63e+00  1.52e+00  1.37e+00  1.25e+00
 8 10  2.14e-01  2.12e-01  2.06e-01  1.97e-01  1.88e-01
 8 11  5.99e-01  6.06e-01  6.09e-01  6.09e-01  6.07e-01
 8 12  3.28e-01  3.29e-01  3.27e-01  3.21e-01  3.14e-01
 8 13  3.30e-01  3.34e-01  3.38e-01  3.40e-01  3.40e-01
 8 14  3.22e-01  3.05e-01  2.87e-01  2.68e-01  2.57e-01
 8 15  3.39e-01  3.21e-01  3.01e-01  2.82e-01  2.70e-01
 8 16  1.98e-01  1.88e-01  1.77e-01  1.66e-01  1.60e-01
 8 17  3.35e-01  3.06e-01  2.76e-01  2.48e-01  2.33e-01
 8 18  5.84e-01  5.39e-01  4.95e-01  4.56e-01  4.34e-01
 8 19  1.33e-01  1.21e-01  1.10e-01  1.01e-01  9.68e-02
 8 20  7.67e-02  7.18e-02  6.79e-02  6.51e-02  6.40e-02
 8 21  1.34e-01  1.32e-01  1.31e-01  1.33e-01  1.36e-01
 8 22  1.18e-01  1.14e-01  1.11e-01  1.08e-01  1.08e-01
 8 23  3.03e-01  3.02e-01  3.04e-01  3.11e-01  3.18e-01
 8 24  8.21e-02  7.82e-02  7.46e-02  7.15e-02  6.97e-02
 8 25  1.96e-02  1.65e-02  1.32e-02  9.89e-03  7.92e-03
 8 26  1.48e-01  1.44e-01  1.41e-01  1.39e-01  1.39e-01
 8 27  2.45e-01  2.25e-01  2.06e-01  1.87e-01  1.76e-01
 8 28  4.66e-01  4.48e-01  4.31e-01  4.17e-01  4.08e-01
 8 29  3.33e-01  3.15e-01  2.96e-01  2.77e-01  2.66e-01
 8 30  1.85e-01  1.82e-01  1.80e-01  1.78e-01  1.77e-01
 8 31  1.01e-01  1.01e-01  1.00e-01  1.00e-01  1.00e-01
 8 32  2.86e-02  2.53e-02  2.18e-02  1.83e-02  1.61e-02
 8 33  1.43e-01  1.36e-01  1.28e-01  1.21e-01  1.15e-01
 8 34  1.89e-01  1.83e-01  1.77e-01  1.71e-01  1.68e-01
 8 35  1.26e-01  1.23e-01  1.19e-01  1.15e-01  1.12e-01
 8 36  2.39e-03  2.43e-03  2.50e-03  2.61e-03  2.68e-03
 8 37  3.36e-02  3.13e-02  2.90e-02  2.66e-02  2.51e-02
 8 38  3.21e-02  3.17e-02  3.12e-02  3.06e-02  3.01e-02
 8 39  2.56e-01  2.46e-01  2.37e-01  2.29e-01  2.24e-01
 8 40  2.98e-01  2.92e-01  2.86e-01  2.80e-01  2.77e-01
 8 41  2.12e-01  2.04e-01  1.96e-01  1.89e-01  1.83e-01
 8 42  7.29e-02  7.22e-02  7.15e-02  7.07e-02  7.00e-02
 8 43  1.65e-01  1.64e-01  1.64e-01  1.63e-01  1.63e-01
 8 44  3.34e-02  3.29e-02  3.23e-02  3.14e-02  3.07e-02
 8 45  4.42e-02  4.35e-02  4.27e-02  4.15e-02  4.05e-02
 8 46  9.50e-02  9.38e-02  9.20e-02  8.95e-02  8.72e-02
 8 47  6.33e-02  6.24e-02  6.15e-02  6.03e-02  5.92e-02
 8 48  1.37e-01  1.37e-01  1.35e-01  1.33e-01  1.31e-01
 8 49  4.06e-02  3.96e-02  3.84e-02  3.72e-02  3.63e-02
 8 50  2.62e-02  2.60e-02  2.58e-02  2.57e-02  2.56e-02
 8 51  5.42e-02  5.35e-02  5.28e-02  5.22e-02  5.17e-02
 8 52  1.71e-02  1.67e-02  1.63e-02  1.57e-02  1.53e-02
 9 10  5.28e-02  5.00e-02  4.65e-02  4.15e-02  3.74e-02
 9 11  2.31e-01  2.29e-01  2.24e-01  2.17e-01  2.10e-01
 9 12  4.54e-01  4.60e-01  4.65e-01  4.67e-01  4.66e-01
 9 13  2.53e-01  2.56e-01  2.57e-01  2.57e-01  2.56e-01
 9 14  1.73e-01  1.66e-01  1.58e-01  1.49e-01  1.43e-01
 9 15  2.05e-01  1.94e-01  1.82e-01  1.69e-01  1.61e-01
 9 16  1.99e-01  1.87e-01  1.76e-01  1.64e-01  1.57e-01
 9 17  1.05e-01  9.66e-02  8.83e-02  8.04e-02  7.63e-02
 9 18  4.49e-01  4.17e-01  3.87e-01  3.59e-01  3.44e-01
 9 19  8.46e-02  7.43e-02  6.56e-02  5.81e-02  5.43e-02
 9 20  6.47e-02  6.05e-02  5.71e-02  5.45e-02  5.35e-02
 9 21  3.53e-02  3.54e-02  3.60e-02  3.75e-02  3.88e-02
 9 22  5.70e-02  5.50e-02  5.35e-02  5.27e-02  5.27e-02
 9 23  2.46e-01  2.46e-01  2.48e-01  2.55e-01  2.61e-01
 9 24  2.81e-02  2.60e-02  2.41e-02  2.23e-02  2.13e-02
 9 25  5.04e-03  4.24e-03  3.39e-03  2.57e-03  2.02e-03
 9 26  1.27e-01  1.24e-01  1.21e-01  1.19e-01  1.19e-01
 9 27  1.68e-02  1.38e-02  1.09e-02  8.17e-03  6.61e-03
 9 28  1.91e-01  1.75e-01  1.59e-01  1.44e-01  1.34e-01
 9 29  5.06e-01  4.86e-01  4.66e-01  4.48e-01  4.37e-01
 9 30  8.69e-02  8.34e-02  8.03e-02  7.76e-02  7.60e-02
 9 31  1.33e-01  1.33e-01  1.33e-01  1.33e-01  1.33e-01
 9 32  5.64e-03  4.84e-03  4.03e-03  3.28e-03  2.81e-03
 9 33  3.18e-02  2.84e-02  2.49e-02  2.12e-02  1.90e-02
 9 34  1.09e-01  1.03e-01  9.66e-02  9.01e-02  8.61e-02
 9 35  1.60e-01  1.55e-01  1.50e-01  1.44e-01  1.41e-01
 9 36  1.59e-03  1.61e-03  1.65e-03  1.72e-03  1.77e-03
 9 37  1.81e-03  1.67e-03  1.55e-03  1.44e-03  1.39e-03
 9 38  1.51e-02  1.49e-02  1.47e-02  1.45e-02  1.43e-02
 9 39  4.35e-02  4.01e-02  3.70e-02  3.39e-02  3.20e-02
 9 40  2.13e-01  2.07e-01  2.00e-01  1.94e-01  1.89e-01
 9 41  3.17e-01  3.09e-01  3.02e-01  2.96e-01  2.92e-01
 9 42  4.43e-03  4.35e-03  4.34e-03  4.44e-03  4.55e-03
 9 43  1.54e-01  1.53e-01  1.53e-01  1.53e-01  1.52e-01
 9 44  2.94e-02  2.89e-02  2.83e-02  2.76e-02  2.70e-02
 9 45  4.52e-03  4.33e-03  4.09e-03  3.83e-03  3.66e-03
 9 46  8.99e-02  8.87e-02  8.72e-02  8.49e-02  8.28e-02
 9 47  1.67e-02  1.65e-02  1.62e-02  1.59e-02  1.56e-02
 9 48  1.24e-01  1.23e-01  1.22e-01  1.20e-01  1.19e-01
 9 49  4.19e-02  4.14e-02  4.10e-02  4.06e-02  4.03e-02
 9 50  3.01e-02  2.96e-02  2.91e-02  2.85e-02  2.80e-02
 9 51  2.16e-02  2.12e-02  2.06e-02  2.00e-02  1.95e-02
 9 52  2.58e-03  2.52e-03  2.45e-03  2.37e-03  2.32e-03
10 11  6.19e-01  6.00e-01  5.81e-01  5.64e-01  5.55e-01
10 12  1.83e-01  1.86e-01  1.89e-01  1.93e-01  1.96e-01
10 13  7.15e-02  7.39e-02  7.59e-02  7.80e-02  8.02e-02
10 14  6.50e-01  6.41e-01  6.32e-01  6.24e-01  6.19e-01
10 15  3.75e-01  3.74e-01  3.72e-01  3.72e-01  3.73e-01
10 16  3.67e-02  3.46e-02  3.23e-02  2.98e-02  2.80e-02
10 17  1.01e-01  9.17e-02  7.94e-02  6.47e-02  5.45e-02
10 18  5.42e-02  4.81e-02  4.10e-02  3.30e-02  2.74e-02
10 19  5.82e-02  5.00e-02  4.21e-02  3.44e-02  2.99e-02
10 20  1.47e-02  1.23e-02  1.01e-02  7.99e-03  6.72e-03
10 21  5.27e-02  4.87e-02  4.47e-02  4.14e-02  4.03e-02
10 22  6.75e-02  5.91e-02  4.95e-02  3.93e-02  3.27e-02
10 23  2.25e-02  2.04e-02  1.83e-02  1.65e-02  1.57e-02
10 24  1.33e-01  1.31e-01  1.28e-01  1.25e-01  1.23e-01
10 25  8.29e-02  7.80e-02  7.41e-02  7.21e-02  7.20e-02
10 26  2.14e-02  1.87e-02  1.58e-02  1.27e-02  1.08e-02
10 27  5.10e-02  4.77e-02  4.50e-02  4.33e-02  4.29e-02
10 28  2.68e-02  2.50e-02  2.34e-02  2.22e-02  2.18e-02
10 29  1.06e-02  9.63e-03  8.72e-03  7.96e-03  7.61e-03
10 30  5.53e-02  5.51e-02  5.45e-02  5.40e-02  5.36e-02
10 31  7.85e-03  7.66e-03  7.37e-03  6.98e-03  6.71e-03
10 32  9.21e-02  8.93e-02  8.56e-02  8.16e-02  7.96e-02
10 33  4.40e-02  4.27e-02  4.11e-02  3.95e-02  3.88e-02
10 34  1.93e-02  1.89e-02  1.83e-02  1.78e-02  1.77e-02
10 35  6.43e-03  6.33e-03  6.22e-03  6.18e-03  6.20e-03
10 36  4.24e-01  4.23e-01  4.21e-01  4.17e-01  4.11e-01
10 37  1.05e-01  1.01e-01  9.79e-02  9.55e-02  9.49e-02
10 38  1.07e-01  1.10e-01  1.14e-01  1.21e-01  1.26e-01
10 39  4.09e-02  3.87e-02  3.66e-02  3.47e-02  3.39e-02
10 40  1.55e-02  1.49e-02  1.43e-02  1.38e-02  1.37e-02
10 41  6.30e-03  6.14e-03  5.96e-03  5.86e-03  5.84e-03
10 42  1.99e-01  2.08e-01  2.23e-01  2.47e-01  2.68e-01
10 43  6.18e-02  6.46e-02  6.90e-02  7.62e-02  8.25e-02
10 44  1.43e-02  1.46e-02  1.50e-02  1.57e-02  1.63e-02
10 45  1.84e-01  1.91e-01  2.01e-01  2.17e-01  2.31e-01
10 46  5.91e-02  6.14e-02  6.49e-02  7.06e-02  7.56e-02
10 47  2.21e-01  2.29e-01  2.41e-01  2.59e-01  2.75e-01
10 48  4.83e-02  4.99e-02  5.23e-02  5.64e-02  5.99e-02
10 49  1.30e-02  1.28e-02  1.25e-02  1.22e-02  1.21e-02
10 50  4.01e-03  4.03e-03  4.04e-03  4.09e-03  4.16e-03
10 51  3.34e-02  3.21e-02  3.06e-02  2.90e-02  2.80e-02
10 52  6.27e-02  6.08e-02  5.78e-02  5.43e-02  5.19e-02
11 12  4.59e-01  4.47e-01  4.34e-01  4.19e-01  4.10e-01
11 13  9.64e-02  9.72e-02  9.80e-02  9.88e-02  9.95e-02
11 14  4.59e-01  4.53e-01  4.47e-01  4.42e-01  4.40e-01
11 15  1.12e-01  1.04e-01  9.50e-02  8.55e-02  7.90e-02
11 16  2.64e-01  2.62e-01  2.61e-01  2.61e-01  2.62e-01
11 17  5.19e-02  4.75e-02  4.16e-02  3.43e-02  2.92e-02
11 18  5.47e-02  4.89e-02  4.18e-02  3.38e-02  2.83e-02
11 19  4.58e-02  3.86e-02  3.18e-02  2.52e-02  2.13e-02
11 20  2.11e-02  1.80e-02  1.50e-02  1.21e-02  1.03e-02
11 21  2.59e-02  2.38e-02  2.17e-02  1.98e-02  1.90e-02
11 22  4.13e-02  3.61e-02  3.02e-02  2.40e-02  1.99e-02
11 23  2.72e-02  2.53e-02  2.36e-02  2.23e-02  2.19e-02
11 24  7.88e-02  7.74e-02  7.58e-02  7.41e-02  7.30e-02
11 25  2.81e-02  2.68e-02  2.59e-02  2.57e-02  2.60e-02
11 26  3.02e-02  2.59e-02  2.15e-02  1.69e-02  1.42e-02
11 27  3.17e-02  2.97e-02  2.81e-02  2.73e-02  2.72e-02
11 28  2.94e-02  2.73e-02  2.56e-02  2.44e-02  2.40e-02
11 29  2.35e-02  2.19e-02  2.05e-02  1.97e-02  1.95e-02
11 30  3.59e-02  3.45e-02  3.26e-02  3.04e-02  2.89e-02
11 31  3.03e-02  3.00e-02  2.95e-02  2.90e-02  2.87e-02
11 32  3.52e-02  3.41e-02  3.27e-02  3.13e-02  3.07e-02
11 33  4.25e-02  4.07e-02  3.85e-02  3.62e-02  3.48e-02
11 34  2.87e-02  2.76e-02  2.61e-02  2.47e-02  2.39e-02
11 35  1.60e-02  1.55e-02  1.48e-02  1.43e-02  1.40e-02
11 36  3.22e-01  3.21e-01  3.19e-01  3.16e-01  3.12e-01
11 37  2.57e-02  2.48e-02  2.42e-02  2.41e-02  2.44e-02
11 38  6.02e-02  6.17e-02  6.39e-02  6.74e-02  7.03e-02
11 39  4.57e-02  4.36e-02  4.15e-02  3.95e-02  3.85e-02
11 40  3.11e-02  3.00e-02  2.86e-02  2.73e-02  2.67e-02
11 41  1.63e-02  1.58e-02  1.53e-02  1.49e-02  1.48e-02
11 42  1.00e-01  1.05e-01  1.12e-01  1.24e-01  1.34e-01
11 43  9.52e-02  9.97e-02  1.07e-01  1.18e-01  1.28e-01
11 44  3.40e-02  3.48e-02  3.60e-02  3.79e-02  3.95e-02
11 45  9.67e-02  1.00e-01  1.05e-01  1.14e-01  1.21e-01
11 46  8.62e-02  8.91e-02  9.35e-02  1.01e-01  1.07e-01
11 47  1.11e-01  1.15e-01  1.22e-01  1.32e-01  1.41e-01
11 48  1.04e-01  1.08e-01  1.14e-01  1.24e-01  1.31e-01
11 49  2.01e-02  1.95e-02  1.86e-02  1.76e-02  1.69e-02
11 50  9.57e-03  9.26e-03  8.84e-03  8.41e-03  8.15e-03
11 51  2.43e-02  2.35e-02  2.25e-02  2.15e-02  2.09e-02
11 52  3.29e-02  3.21e-02  3.08e-02  2.94e-02  2.85e-02
12 13  2.73e-01  2.66e-01  2.58e-01  2.47e-01  2.41e-01
12 14  1.98e-01  1.94e-01  1.90e-01  1.86e-01  1.84e-01
12 15  2.27e-01  2.23e-01  2.18e-01  2.14e-01  2.12e-01
12 16  1.44e-01  1.39e-01  1.35e-01  1.32e-01  1.30e-01
12 17  2.47e-02  2.29e-02  2.03e-02  1.70e-02  1.46e-02
12 18  4.14e-02  3.73e-02  3.21e-02  2.62e-02  2.20e-02
12 19  3.36e-02  2.85e-02  2.35e-02  1.87e-02  1.59e-02
12 20  2.04e-02  1.74e-02  1.45e-02  1.16e-02  9.88e-03
12 21  1.08e-02  9.92e-03  8.96e-03  8.07e-03  7.69e-03
12 22  2.18e-02  1.91e-02  1.61e-02  1.28e-02  1.06e-02
12 23  2.15e-02  2.02e-02  1.89e-02  1.80e-02  1.79e-02
12 24  3.41e-02  3.30e-02  3.19e-02  3.08e-02  3.01e-02
12 25  7.14e-03  6.83e-03  6.60e-03  6.58e-03  6.72e-03
12 26  2.72e-02  2.31e-02  1.90e-02  1.48e-02  1.24e-02
12 27  1.50e-02  1.42e-02  1.36e-02  1.33e-02  1.33e-02
12 28  2.34e-02  2.18e-02  2.06e-02  2.00e-02  2.00e-02
12 29  2.55e-02  2.35e-02  2.19e-02  2.10e-02  2.07e-02
12 30  3.73e-02  3.62e-02  3.49e-02  3.34e-02  3.24e-02
12 31  2.38e-02  2.31e-02  2.21e-02  2.10e-02  2.03e-02
12 32  1.15e-02  1.11e-02  1.08e-02  1.05e-02  1.05e-02
12 33  2.18e-02  2.08e-02  1.97e-02  1.85e-02  1.79e-02
12 34  2.73e-02  2.61e-02  2.46e-02  2.29e-02  2.19e-02
12 35  2.13e-02  2.04e-02  1.94e-02  1.83e-02  1.77e-02
12 36  2.16e-01  2.16e-01  2.15e-01  2.13e-01  2.10e-01
12 37  5.36e-03  5.13e-03  4.95e-03  4.88e-03  4.90e-03
12 38  3.07e-02  3.14e-02  3.23e-02  3.39e-02  3.52e-02
12 39  1.77e-02  1.70e-02  1.64e-02  1.61e-02  1.62e-02
12 40  2.72e-02  2.64e-02  2.53e-02  2.43e-02  2.37e-02
12 41  2.41e-02  2.33e-02  2.23e-02  2.12e-02  2.06e-02
12 42  4.14e-02  4.33e-02  4.62e-02  5.10e-02  5.53e-02
12 43  8.73e-02  9.17e-02  9.84e-02  1.09e-01  1.19e-01
12 44  3.39e-02  3.47e-02  3.59e-02  3.79e-02  3.95e-02
12 45  4.61e-02  4.77e-02  5.02e-02  5.44e-02  5.80e-02
12 46  7.50e-02  7.75e-02  8.13e-02  8.74e-02  9.26e-02
12 47  4.80e-02  5.01e-02  5.32e-02  5.82e-02  6.24e-02
12 48  1.03e-01  1.07e-01  1.13e-01  1.22e-01  1.30e-01
12 49  1.47e-02  1.41e-02  1.34e-02  1.27e-02  1.22e-02
12 50  1.11e-02  1.08e-02  1.03e-02  9.66e-03  9.19e-03
12 51  1.96e-02  1.90e-02  1.82e-02  1.72e-02  1.65e-02
12 52  1.34e-02  1.32e-02  1.29e-02  1.27e-02  1.26e-02
13 14  4.99e-02  4.73e-02  4.48e-02  4.23e-02  4.07e-02
13 15  2.04e-01  2.03e-01  2.02e-01  2.02e-01  2.03e-01
13 16  3.35e-02  2.99e-02  2.63e-02  2.26e-02  2.02e-02
13 17  9.69e-03  9.14e-03  8.23e-03  6.97e-03  6.03e-03
13 18  2.14e-02  1.94e-02  1.68e-02  1.38e-02  1.16e-02
13 19  1.88e-02  1.59e-02  1.32e-02  1.05e-02  8.97e-03
13 20  1.25e-02  1.06e-02  8.87e-03  7.08e-03  6.03e-03
13 21  3.51e-03  3.22e-03  2.89e-03  2.57e-03  2.42e-03
13 22  8.60e-03  7.59e-03  6.43e-03  5.17e-03  4.29e-03
13 23  1.17e-02  1.09e-02  1.03e-02  9.76e-03  9.69e-03
13 24  1.02e-02  9.58e-03  8.99e-03  8.40e-03  8.03e-03
13 25  6.12e-05  5.23e-05  4.29e-05  3.31e-05  2.67e-05
13 26  1.58e-02  1.34e-02  1.10e-02  8.56e-03  7.11e-03
13 27  6.27e-03  6.03e-03  5.89e-03  5.94e-03  6.12e-03
13 28  1.24e-02  1.15e-02  1.07e-02  1.03e-02  1.02e-02
13 29  1.60e-02  1.47e-02  1.37e-02  1.32e-02  1.31e-02
13 30  2.53e-02  2.49e-02  2.43e-02  2.37e-02  2.33e-02
13 31  1.16e-02  1.10e-02  1.03e-02  9.36e-03  8.78e-03
13 32  2.42e-03  2.34e-03  2.28e-03  2.24e-03  2.25e-03
13 33  8.86e-03  8.49e-03  8.10e-03  7.75e-03  7.60e-03
13 34  1.42e-02  1.36e-02  1.28e-02  1.21e-02  1.17e-02
13 35  1.59e-02  1.51e-02  1.42e-02  1.31e-02  1.24e-02
13 36  1.09e-01  1.08e-01  1.08e-01  1.07e-01  1.05e-01
13 37  7.80e-04  6.71e-04  5.61e-04  4.53e-04  3.88e-04
13 38  1.27e-02  1.29e-02  1.32e-02  1.37e-02  1.42e-02
13 39  5.24e-03  5.10e-03  5.05e-03  5.10e-03  5.23e-03
13 40  1.07e-02  1.04e-02  1.00e-02  9.73e-03  9.64e-03
13 41  1.92e-02  1.85e-02  1.77e-02  1.67e-02  1.61e-02
13 42  1.28e-02  1.34e-02  1.42e-02  1.56e-02  1.69e-02
13 43  5.12e-02  5.38e-02  5.78e-02  6.42e-02  6.98e-02
13 44  2.01e-02  2.06e-02  2.14e-02  2.26e-02  2.36e-02
13 45  1.81e-02  1.87e-02  1.97e-02  2.14e-02  2.28e-02
13 46  4.22e-02  4.36e-02  4.57e-02  4.91e-02  5.20e-02
13 47  1.64e-02  1.72e-02  1.84e-02  2.03e-02  2.19e-02
13 48  6.13e-02  6.37e-02  6.72e-02  7.28e-02  7.75e-02
13 49  1.06e-02  1.03e-02  9.70e-03  9.03e-03  8.53e-03
13 50  5.43e-03  5.24e-03  4.99e-03  4.73e-03  4.57e-03
13 51  9.40e-03  9.07e-03  8.66e-03  8.23e-03  7.98e-03
13 52  4.21e-03  4.24e-03  4.25e-03  4.31e-03  4.38e-03
14 15  6.51e-01  6.29e-01  6.04e-01  5.76e-01  5.58e-01
14 16  2.63e-01  2.56e-01  2.49e-01  2.42e-01  2.38e-01
14 17  1.73e-01  1.60e-01  1.48e-01  1.35e-01  1.28e-01
14 18  1.31e-01  1.14e-01  9.70e-02  8.09e-02  7.16e-02
14 19  3.23e-01  2.86e-01  2.53e-01  2.23e-01  2.06e-01
14 20  6.44e-02  6.05e-02  5.64e-02  5.18e-02  4.87e-02
14 21  1.24e-01  1.28e-01  1.36e-01  1.47e-01  1.58e-01
14 22  3.08e-01  3.03e-01  2.94e-01  2.83e-01  2.75e-01
14 23  3.16e-02  3.20e-02  3.23e-02  3.30e-02  3.39e-02
14 24  1.05e+00  1.03e+00  1.01e+00  9.79e-01  9.62e-01
14 25  3.86e-02  3.30e-02  2.77e-02  2.25e-02  1.96e-02
14 26  1.25e-01  1.24e-01  1.21e-01  1.17e-01  1.14e-01
14 27  2.68e-02  2.26e-02  1.87e-02  1.49e-02  1.28e-02
14 28  2.08e-02  1.74e-02  1.41e-02  1.10e-02  9.20e-03
14 29  1.47e-02  1.22e-02  9.76e-03  7.36e-03  6.05e-03
14 30  1.34e-01  1.28e-01  1.20e-01  1.11e-01  1.04e-01
14 31  2.82e-02  2.69e-02  2.53e-02  2.35e-02  2.23e-02
14 32  4.05e-01  3.96e-01  3.88e-01  3.79e-01  3.72e-01
14 33  1.64e-01  1.60e-01  1.54e-01  1.49e-01  1.45e-01
14 34  6.19e-02  5.97e-02  5.71e-02  5.40e-02  5.20e-02
14 35  1.98e-02  1.92e-02  1.83e-02  1.73e-02  1.67e-02
14 36  5.02e-02  4.87e-02  4.70e-02  4.49e-02  4.33e-02
14 37  3.10e-02  2.80e-02  2.45e-02  2.07e-02  1.84e-02
14 38  1.95e-01  1.90e-01  1.83e-01  1.72e-01  1.63e-01
14 39  4.84e-02  4.36e-02  3.86e-02  3.36e-02  3.06e-02
14 40  2.80e-02  2.46e-02  2.10e-02  1.74e-02  1.52e-02
14 41  1.24e-02  1.07e-02  8.97e-03  7.16e-03  5.99e-03
14 42  1.28e-02  1.26e-02  1.25e-02  1.26e-02  1.28e-02
14 43  4.68e-03  4.30e-03  3.96e-03  3.67e-03  3.51e-03
14 44  7.91e-03  7.44e-03  6.87e-03  6.25e-03  5.83e-03
14 45  1.66e-01  1.64e-01  1.61e-01  1.57e-01  1.53e-01
14 46  4.29e-02  4.26e-02  4.19e-02  4.11e-02  4.06e-02
14 47  1.13e-02  1.02e-02  9.31e-03  8.56e-03  8.18e-03
14 48  1.27e-02  1.17e-02  1.06e-02  9.39e-03  8.59e-03
14 49  9.88e-02  9.63e-02  9.38e-02  9.13e-02  8.94e-02
14 50  2.75e-02  2.68e-02  2.59e-02  2.50e-02  2.44e-02
14 51  2.21e-01  2.15e-01  2.09e-01  2.03e-01  1.99e-01
14 52  3.05e-01  2.99e-01  2.92e-01  2.84e-01  2.78e-01
15 16  3.12e-01  2.94e-01  2.74e-01  2.54e-01  2.42e-01
15 17  7.93e-02  7.43e-02  6.84e-02  6.20e-02  5.82e-02
15 18  1.23e-01  1.10e-01  9.72e-02  8.46e-02  7.78e-02
15 19  2.19e-01  1.91e-01  1.67e-01  1.45e-01  1.33e-01
15 20  1.07e-01  9.45e-02  8.28e-02  7.17e-02  6.50e-02
15 21  4.50e-02  4.65e-02  4.85e-02  5.21e-02  5.55e-02
15 22  6.14e-02  6.34e-02  6.64e-02  7.17e-02  7.64e-02
15 23  1.59e-01  1.57e-01  1.53e-01  1.48e-01  1.44e-01
15 24  1.36e-01  1.32e-01  1.27e-01  1.20e-01  1.16e-01
15 25  1.70e-01  1.52e-01  1.34e-01  1.17e-01  1.06e-01
15 26  4.86e-01  4.76e-01  4.65e-01  4.56e-01  4.50e-01
15 27  5.45e-02  5.13e-02  4.73e-02  4.26e-02  3.93e-02
15 28  1.13e-02  9.57e-03  7.89e-03  6.17e-03  5.05e-03
15 29  1.42e-02  1.21e-02  1.00e-02  7.99e-03  6.87e-03
15 30  1.51e-02  1.29e-02  1.07e-02  8.59e-03  7.44e-03
15 31  1.42e-02  1.20e-02  9.86e-03  7.87e-03  6.78e-03
15 32  2.78e-02  2.66e-02  2.50e-02  2.32e-02  2.21e-02
15 33  1.96e-01  1.93e-01  1.89e-01  1.85e-01  1.82e-01
15 34  1.64e-01  1.60e-01  1.56e-01  1.51e-01  1.48e-01
15 35  8.71e-02  8.47e-02  8.16e-02  7.79e-02  7.52e-02
15 36  1.94e-02  1.86e-02  1.74e-02  1.59e-02  1.47e-02
15 37  1.36e-02  1.23e-02  1.07e-02  8.91e-03  7.81e-03
15 38  1.17e-02  1.03e-02  8.81e-03  7.29e-03  6.41e-03
15 39  2.24e-02  2.07e-02  1.89e-02  1.71e-02  1.60e-02
15 40  2.07e-02  1.82e-02  1.58e-02  1.34e-02  1.19e-02
15 41  7.76e-02  7.55e-02  7.25e-02  6.82e-02  6.46e-02
15 42  5.65e-02  5.50e-02  5.29e-02  5.00e-02  4.74e-02
15 43  5.42e-03  5.12e-03  4.85e-03  4.63e-03  4.52e-03
15 44  8.37e-03  8.29e-03  8.33e-03  8.55e-03  8.80e-03
15 45  5.81e-02  5.75e-02  5.67e-02  5.56e-02  5.47e-02
15 46  1.03e-01  1.02e-01  1.01e-01  9.81e-02  9.60e-02
15 47  5.19e-03  4.55e-03  3.96e-03  3.43e-03  3.13e-03
15 48  8.50e-03  7.95e-03  7.31e-03  6.67e-03  6.26e-03
15 49  9.72e-02  9.51e-02  9.28e-02  9.03e-02  8.84e-02
15 50  7.83e-02  7.71e-02  7.59e-02  7.46e-02  7.36e-02
15 51  6.79e-02  6.46e-02  6.12e-02  5.76e-02  5.50e-02
15 52  1.67e-01  1.64e-01  1.60e-01  1.56e-01  1.54e-01
16 17  2.95e-02  2.64e-02  2.30e-02  1.93e-02  1.71e-02
16 18  6.13e-02  5.63e-02  5.11e-02  4.64e-02  4.39e-02
16 19  8.47e-02  7.23e-02  6.16e-02  5.20e-02  4.67e-02
16 20  8.72e-02  7.67e-02  6.76e-02  5.91e-02  5.45e-02
16 21  8.10e-03  8.33e-03  8.50e-03  8.75e-03  8.99e-03
16 22  6.16e-02  6.14e-02  6.05e-02  5.91e-02  5.80e-02
16 23  4.54e-02  4.71e-02  4.98e-02  5.44e-02  5.85e-02
16 24  3.36e-02  3.13e-02  2.90e-02  2.65e-02  2.50e-02
16 25  1.28e-03  1.10e-03  9.17e-04  7.20e-04  6.07e-04
16 26  8.66e-02  8.39e-02  8.04e-02  7.64e-02  7.37e-02
16 27  4.02e-03  3.39e-03  2.79e-03  2.21e-03  1.91e-03
16 28  7.16e-03  6.13e-03  5.10e-03  4.12e-03  3.57e-03
16 29  9.81e-03  8.38e-03  7.01e-03  5.71e-03  5.00e-03
16 30  6.63e-02  5.87e-02  5.15e-02  4.41e-02  3.97e-02
16 31  2.19e-01  2.15e-01  2.10e-01  2.06e-01  2.04e-01
16 32  5.82e-03  5.78e-03  5.62e-03  5.45e-03  5.35e-03
16 33  2.33e-02  2.24e-02  2.12e-02  1.97e-02  1.87e-02
16 34  9.61e-02  9.37e-02  9.10e-02  8.81e-02  8.61e-02
16 35  1.24e-01  1.22e-01  1.19e-01  1.16e-01  1.14e-01
16 36  9.87e-03  9.41e-03  8.82e-03  8.04e-03  7.40e-03
16 37  1.82e-03  1.60e-03  1.37e-03  1.14e-03  1.01e-03
16 38  1.49e-02  1.44e-02  1.37e-02  1.29e-02  1.22e-02
16 39  6.67e-03  5.91e-03  5.13e-03  4.45e-03  4.06e-03
16 40  8.21e-03  7.26e-03  6.30e-03  5.33e-03  4.77e-03
16 41  1.04e-02  9.46e-03  8.53e-03  7.65e-03  7.10e-03
16 42  1.28e-03  1.14e-03  1.02e-03  9.02e-04  8.38e-04
16 43  5.82e-03  5.86e-03  5.99e-03  6.24e-03  6.48e-03
16 44  4.55e-02  4.42e-02  4.24e-02  3.97e-02  3.75e-02
16 45  1.02e-02  1.02e-02  1.01e-02  1.00e-02  1.00e-02
16 46  6.97e-02  6.92e-02  6.83e-02  6.68e-02  6.53e-02
16 47  1.95e-03  1.66e-03  1.37e-03  1.11e-03  9.49e-04
16 48  3.86e-03  3.64e-03  3.37e-03  3.12e-03  2.97e-03
16 49  5.74e-02  5.59e-02  5.43e-02  5.27e-02  5.15e-02
16 50  1.68e-02  1.61e-02  1.53e-02  1.44e-02  1.37e-02
16 51  1.01e-01  9.97e-02  9.80e-02  9.64e-02  9.51e-02
16 52  2.56e-02  2.47e-02  2.37e-02  2.26e-02  2.18e-02
16 53  3.18e-02  3.25e-02  3.36e-02  3.54e-02  3.67e-02
16 54  7.05e-02  7.33e-02  7.75e-02  8.39e-02  8.88e-02
16 55  1.01e-05  1.02e-05  9.72e-06  8.82e-06  8.29e-06
16 56  2.14e-05  2.21e-05  2.26e-05  2.36e-05  2.48e-05
16 57  8.82e-04  8.79e-04  8.96e-04  9.51e-04  1.01e-03
16 58  2.38e-03  2.43e-03  2.52e-03  2.72e-03  2.89e-03
16 59  2.89e-02  2.87e-02  2.85e-02  2.82e-02  2.77e-02
16 60  2.08e-02  2.07e-02  2.05e-02  2.02e-02  1.98e-02
16 61  1.24e-03  1.23e-03  1.25e-03  1.29e-03  1.32e-03
16 62  3.06e-03  3.13e-03  3.22e-03  3.35e-03  3.43e-03
16 63  4.40e-03  4.50e-03  4.65e-03  4.85e-03  4.97e-03
17 18  1.93e+00  1.77e+00  1.58e+00  1.35e+00  1.20e+00
17 19  2.95e-01  2.72e-01  2.54e-01  2.40e-01  2.34e-01
17 20  9.46e-02  9.19e-02  9.11e-02  9.21e-02  9.41e-02
17 21  1.09e+00  1.05e+00  1.00e+00  9.38e-01  9.01e-01
17 22  5.54e-01  5.28e-01  4.96e-01  4.60e-01  4.35e-01
17 23  6.66e-01  6.44e-01  6.13e-01  5.75e-01  5.51e-01
17 24  4.11e-02  3.80e-02  3.45e-02  3.08e-02  2.84e-02
17 25  8.73e-01  7.99e-01  7.21e-01  6.39e-01  5.87e-01
17 26  2.26e-01  2.24e-01  2.19e-01  2.13e-01  2.10e-01
17 27  7.46e-01  6.66e-01  5.85e-01  5.01e-01  4.49e-01
17 28  4.66e-01  4.17e-01  3.66e-01  3.12e-01  2.79e-01
17 29  2.03e-01  1.83e-01  1.63e-01  1.41e-01  1.27e-01
17 30  1.49e-02  1.38e-02  1.26e-02  1.11e-02  1.00e-02
17 31  4.84e-03  4.43e-03  3.90e-03  3.27e-03  2.86e-03
17 32  9.70e-01  9.19e-01  8.60e-01  7.93e-01  7.44e-01
17 33  5.22e-01  4.88e-01  4.51e-01  4.08e-01  3.79e-01
17 34  2.17e-01  2.02e-01  1.85e-01  1.67e-01  1.54e-01
17 35  4.92e-02  4.66e-02  4.38e-02  4.05e-02  3.81e-02
17 36  2.37e-04  2.08e-04  1.80e-04  1.54e-04  1.40e-04
17 37  8.50e-01  7.97e-01  7.40e-01  6.77e-01  6.33e-01
17 38  2.43e-02  2.51e-02  2.51e-02  2.45e-02  2.39e-02
17 39  5.08e-01  4.72e-01  4.33e-01  3.90e-01  3.60e-01
17 40  2.11e-01  1.97e-01  1.80e-01  1.61e-01  1.47e-01
17 41  3.13e-02  2.84e-02  2.53e-02  2.19e-02  1.95e-02
17 42  5.05e-01  4.90e-01  4.74e-01  4.58e-01  4.48e-01
17 43  3.63e-01  3.53e-01  3.42e-01  3.30e-01  3.23e-01
17 44  9.61e-03  9.50e-03  9.06e-03  8.42e-03  7.96e-03
17 45  8.26e-01  8.26e-01  8.27e-01  8.27e-01  8.26e-01
17 46  1.61e-01  1.59e-01  1.55e-01  1.50e-01  1.46e-01
17 47  7.67e-01  7.43e-01  7.23e-01  7.07e-01  6.97e-01
17 48  1.45e-01  1.37e-01  1.28e-01  1.20e-01  1.15e-01
17 49  5.22e-02  4.96e-02  4.65e-02  4.28e-02  4.02e-02
17 50  8.89e-04  7.96e-04  6.80e-04  5.50e-04  4.65e-04
17 51  2.00e-01  1.88e-01  1.76e-01  1.62e-01  1.52e-01
17 52  4.13e-01  3.97e-01  3.78e-01  3.55e-01  3.37e-01
18 19  2.39e-01  2.16e-01  1.97e-01  1.82e-01  1.75e-01
18 20  1.51e-01  1.37e-01  1.25e-01  1.16e-01  1.13e-01
18 21  6.13e-01  5.96e-01  5.71e-01  5.42e-01  5.24e-01
18 22  3.35e-01  3.26e-01  3.15e-01  3.01e-01  2.92e-01
18 23  8.17e-01  7.84e-01  7.39e-01  6.87e-01  6.56e-01
18 24  2.86e-02  2.53e-02  2.17e-02  1.80e-02  1.56e-02
18 25  1.21e-01  1.05e-01  8.94e-02  7.31e-02  6.36e-02
18 26  2.64e-01  2.55e-01  2.42e-01  2.25e-01  2.13e-01
18 27  4.42e-01  3.96e-01  3.47e-01  2.96e-01  2.64e-01
18 28  5.64e-01  5.08e-01  4.52e-01  3.92e-01  3.55e-01
18 29  5.34e-01  4.92e-01  4.47e-01  3.98e-01  3.67e-01
18 30  2.38e-02  2.21e-02  1.98e-02  1.71e-02  1.54e-02
18 31  1.05e-02  1.01e-02  9.36e-03  8.50e-03  7.95e-03
18 32  1.66e-01  1.53e-01  1.39e-01  1.23e-01  1.12e-01
18 33  4.73e-01  4.43e-01  4.09e-01  3.71e-01  3.45e-01
18 34  5.02e-01  4.74e-01  4.44e-01  4.08e-01  3.83e-01
18 35  3.82e-01  3.65e-01  3.46e-01  3.22e-01  3.05e-01
18 36  2.21e-04  1.86e-04  1.52e-04  1.20e-04  1.01e-04
18 37  6.17e-02  5.51e-02  4.82e-02  4.08e-02  3.61e-02
18 38  2.19e-02  2.19e-02  2.13e-02  2.03e-02  1.94e-02
18 39  3.28e-01  2.99e-01  2.69e-01  2.36e-01  2.14e-01
18 40  4.04e-01  3.78e-01  3.47e-01  3.13e-01  2.89e-01
18 41  3.88e-01  3.63e-01  3.37e-01  3.07e-01  2.87e-01
18 42  2.47e-01  2.40e-01  2.30e-01  2.18e-01  2.10e-01
18 43  4.38e-01  4.26e-01  4.14e-01  4.02e-01  3.95e-01
18 44  1.68e-02  1.59e-02  1.46e-02  1.31e-02  1.22e-02
18 45  2.04e-01  1.99e-01  1.93e-01  1.85e-01  1.78e-01
18 46  6.07e-01  6.09e-01  6.12e-01  6.14e-01  6.16e-01
18 47  1.72e-01  1.58e-01  1.46e-01  1.33e-01  1.26e-01
18 48  5.47e-01  5.37e-01  5.30e-01  5.24e-01  5.21e-01
18 49  1.80e-01  1.72e-01  1.63e-01  1.52e-01  1.44e-01
18 50  1.11e-01  1.06e-01  1.01e-01  9.43e-02  8.94e-02
18 51  1.62e-01  1.55e-01  1.47e-01  1.37e-01  1.29e-01
18 52  3.43e-02  3.25e-02  3.05e-02  2.81e-02  2.64e-02
19 20  3.48e-01  3.30e-01  3.15e-01  3.00e-01  2.89e-01
19 21  2.79e-02  2.85e-02  2.91e-02  3.04e-02  3.18e-02
19 22  3.04e-01  2.95e-01  2.82e-01  2.66e-01  2.55e-01
19 23  3.01e-02  3.00e-02  3.00e-02  3.05e-02  3.14e-02
19 24  5.50e-01  5.23e-01  4.91e-01  4.52e-01  4.24e-01
19 25  6.48e-03  5.98e-03  5.44e-03  4.82e-03  4.36e-03
19 26  2.40e-01  2.32e-01  2.22e-01  2.11e-01  2.03e-01
19 27  1.10e-02  9.84e-03  8.54e-03  6.99e-03  6.05e-03
19 28  1.39e-02  1.23e-02  1.05e-02  8.38e-03  7.13e-03
19 29  1.41e-02  1.21e-02  1.00e-02  7.87e-03  6.59e-03
19 30  4.23e-01  3.99e-01  3.71e-01  3.40e-01  3.17e-01
19 31  1.43e-01  1.37e-01  1.29e-01  1.20e-01  1.13e-01
19 32  3.92e-01  3.75e-01  3.57e-01  3.37e-01  3.22e-01
19 33  2.53e-01  2.39e-01  2.24e-01  2.07e-01  1.96e-01
19 34  1.45e-01  1.36e-01  1.26e-01  1.16e-01  1.10e-01
19 35  7.20e-02  6.79e-02  6.36e-02  5.88e-02  5.54e-02
19 36  7.49e-04  7.08e-04  6.51e-04  5.78e-04  5.26e-04
19 37  7.67e-03  7.71e-03  7.41e-03  6.67e-03  6.01e-03
19 38  5.65e-01  5.68e-01  5.74e-01  5.82e-01  5.88e-01
19 39  1.48e-02  1.35e-02  1.20e-02  1.01e-02  8.76e-03
19 40  2.03e-02  1.84e-02  1.63e-02  1.39e-02  1.24e-02
19 41  2.27e-02  2.04e-02  1.81e-02  1.57e-02  1.42e-02
19 42  1.54e-02  1.35e-02  1.14e-02  9.19e-03  7.92e-03
19 43  1.10e-02  9.57e-03  8.13e-03  6.65e-03  5.66e-03
19 44  1.37e-01  1.36e-01  1.35e-01  1.33e-01  1.32e-01
19 45  3.84e-01  3.87e-01  3.90e-01  3.94e-01  3.96e-01
19 46  1.78e-01  1.78e-01  1.79e-01  1.80e-01  1.80e-01
19 47  2.09e-02  1.86e-02  1.62e-02  1.37e-02  1.23e-02
19 48  2.34e-02  2.07e-02  1.80e-02  1.53e-02  1.35e-02
19 49  6.57e-02  6.31e-02  6.01e-02  5.64e-02  5.37e-02
19 50  4.00e-02  3.87e-02  3.72e-02  3.54e-02  3.40e-02
19 51  6.96e-02  6.63e-02  6.23e-02  5.75e-02  5.41e-02
19 52  6.24e-02  5.96e-02  5.63e-02  5.25e-02  4.98e-02
20 21  6.98e-03  7.19e-03  7.36e-03  7.59e-03  7.82e-03
20 22  1.45e-01  1.45e-01  1.43e-01  1.41e-01  1.40e-01
20 23  1.54e-02  1.56e-02  1.59e-02  1.66e-02  1.74e-02
20 24  2.28e-01  2.20e-01  2.11e-01  1.99e-01  1.91e-01
20 25  4.07e-04  5.13e-04  6.25e-04  7.02e-04  6.99e-04
20 26  1.07e-01  1.04e-01  9.80e-02  9.03e-02  8.47e-02
20 27  2.30e-03  2.33e-03  2.29e-03  2.11e-03  1.94e-03
20 28  4.03e-03  3.77e-03  3.40e-03  2.94e-03  2.55e-03
20 29  6.12e-03  5.40e-03  4.64e-03  3.81e-03  3.27e-03
20 30  1.75e-01  1.64e-01  1.51e-01  1.35e-01  1.23e-01
20 31  1.14e-01  1.07e-01  9.86e-02  8.91e-02  8.23e-02
20 32  7.44e-03  6.84e-03  6.25e-03  5.56e-03  5.04e-03
20 33  1.25e-01  1.19e-01  1.12e-01  1.04e-01  9.84e-02
20 34  1.47e-01  1.39e-01  1.31e-01  1.23e-01  1.17e-01
20 35  1.15e-01  1.10e-01  1.04e-01  9.78e-02  9.31e-02
20 36  1.99e-04  1.92e-04  1.81e-04  1.66e-04  1.53e-04
20 37  2.68e-03  2.74e-03  2.65e-03  2.36e-03  2.09e-03
20 38  1.58e-01  1.58e-01  1.59e-01  1.60e-01  1.60e-01
20 39  4.35e-03  4.19e-03  3.88e-03  3.38e-03  2.99e-03
20 40  1.38e-02  1.28e-02  1.18e-02  1.05e-02  9.66e-03
20 41  1.28e-02  1.19e-02  1.08e-02  9.52e-03  8.68e-03
20 42  3.59e-03  3.40e-03  3.10e-03  2.63e-03  2.30e-03
20 43  8.05e-03  6.93e-03  5.85e-03  4.79e-03  4.14e-03
20 44  1.51e-01  1.51e-01  1.51e-01  1.53e-01  1.53e-01
20 45  4.34e-02  4.30e-02  4.20e-02  4.03e-02  3.89e-02
20 46  2.25e-01  2.26e-01  2.29e-01  2.32e-01  2.34e-01
20 47  8.18e-03  7.22e-03  6.19e-03  5.03e-03  4.34e-03
20 48  1.34e-02  1.19e-02  1.05e-02  9.05e-03  8.17e-03
20 49  4.27e-02  4.09e-02  3.89e-02  3.64e-02  3.46e-02
20 50  1.93e-02  1.86e-02  1.77e-02  1.67e-02  1.60e-02
20 51  6.04e-02  5.79e-02  5.48e-02  5.10e-02  4.83e-02
20 52  3.35e-02  3.22e-02  3.07e-02  2.89e-02  2.76e-02
21 22  1.50e-01  1.43e-01  1.35e-01  1.28e-01  1.24e-01
21 23  1.13e+00  1.11e+00  1.06e+00  1.01e+00  9.70e-01
21 24  1.62e-02  1.61e-02  1.60e-02  1.62e-02  1.65e-02
21 25  2.44e+00  2.41e+00  2.34e+00  2.22e+00  2.11e+00
21 26  4.11e-02  3.99e-02  3.89e-02  3.86e-02  3.91e-02
21 27  1.66e+00  1.59e+00  1.50e+00  1.37e+00  1.28e+00
21 28  7.68e-01  7.26e-01  6.72e-01  6.05e-01  5.57e-01
21 29  7.81e-02  7.42e-02  6.90e-02  6.29e-02  5.82e-02
21 30  4.94e-03  4.84e-03  4.71e-03  4.58e-03  4.54e-03
21 31  9.80e-04  9.29e-04  8.57e-04  7.66e-04  7.05e-04
21 32  1.35e-01  1.27e-01  1.16e-01  1.03e-01  9.40e-02
21 33  7.33e-02  6.84e-02  6.22e-02  5.48e-02  4.98e-02
21 34  2.80e-02  2.58e-02  2.32e-02  2.02e-02  1.81e-02
21 35  3.12e-03  2.76e-03  2.36e-03  1.92e-03  1.62e-03
21 36  9.10e-05  9.21e-05  9.47e-05  1.01e-04  1.07e-04
21 37  1.06e+00  1.01e+00  9.42e-01  8.70e-01  8.21e-01
21 38  6.60e-03  6.42e-03  5.98e-03  5.26e-03  4.79e-03
21 39  4.66e-01  4.33e-01  3.96e-01  3.55e-01  3.27e-01
21 40  1.84e-01  1.71e-01  1.56e-01  1.39e-01  1.28e-01
21 41  1.95e-02  1.82e-02  1.67e-02  1.50e-02  1.38e-02
21 42  2.91e+00  2.88e+00  2.85e+00  2.83e+00  2.83e+00
21 43  4.37e-01  4.17e-01  3.96e-01  3.75e-01  3.60e-01
21 44  1.20e-03  1.06e-03  9.14e-04  7.80e-04  7.10e-04
21 45  7.23e-02  7.03e-02  6.77e-02  6.51e-02  6.40e-02
21 46  3.46e-02  3.36e-02  3.27e-02  3.22e-02  3.23e-02
21 47  9.68e-01  9.56e-01  9.48e-01  9.45e-01  9.43e-01
21 48  1.16e-01  1.15e-01  1.13e-01  1.12e-01  1.11e-01
21 49  1.19e-03  1.10e-03  9.92e-04  8.81e-04  8.12e-04
21 50  2.79e-04  2.55e-04  2.25e-04  1.92e-04  1.71e-04
21 51  3.41e-03  3.16e-03  2.87e-03  2.56e-03  2.40e-03
21 52  8.10e-03  7.54e-03  6.91e-03  6.33e-03  6.04e-03
22 23  7.34e-02  7.03e-02  6.70e-02  6.46e-02  6.40e-02
22 24  6.15e-01  5.60e-01  5.03e-01  4.42e-01  4.02e-01
22 25  5.35e-01  4.52e-01  3.63e-01  2.71e-01  2.16e-01
22 26  7.99e-01  7.68e-01  7.16e-01  6.43e-01  5.89e-01
22 27  1.36e-01  1.16e-01  9.46e-02  7.20e-02  5.80e-02
22 28  1.24e-01  1.05e-01  8.47e-02  6.40e-02  5.14e-02
22 29  3.31e-02  2.87e-02  2.38e-02  1.86e-02  1.53e-02
22 30  2.87e-01  2.64e-01  2.39e-01  2.13e-01  1.95e-01
22 31  1.25e-01  1.16e-01  1.07e-01  9.60e-02  8.87e-02
22 32  7.19e-01  6.23e-01  5.33e-01  4.47e-01  3.95e-01
22 33  4.18e-01  3.61e-01  3.08e-01  2.56e-01  2.25e-01
22 34  1.73e-01  1.52e-01  1.31e-01  1.11e-01  9.85e-02
22 35  4.19e-02  3.90e-02  3.56e-02  3.15e-02  2.87e-02
22 36  6.56e-04  6.19e-04  5.76e-04  5.25e-04  4.91e-04
22 37  3.44e-01  3.34e-01  3.18e-01  2.98e-01  2.83e-01
22 38  4.75e-01  4.72e-01  4.70e-01  4.68e-01  4.66e-01
22 39  2.17e-01  2.05e-01  1.90e-01  1.71e-01  1.59e-01
22 40  1.11e-01  1.02e-01  9.26e-02  8.14e-02  7.40e-02
22 41  3.80e-02  3.48e-02  3.12e-02  2.70e-02  2.43e-02
22 42  5.55e-02  5.06e-02  4.54e-02  4.00e-02  3.68e-02
22 43  3.48e-02  3.16e-02  2.82e-02  2.47e-02  2.26e-02
22 44  1.76e-01  1.76e-01  1.76e-01  1.77e-01  1.76e-01
22 45  4.14e-01  4.13e-01  4.12e-01  4.11e-01  4.11e-01
22 46  1.20e-01  1.17e-01  1.13e-01  1.09e-01  1.06e-01
22 47  3.35e-01  3.25e-01  3.16e-01  3.08e-01  3.03e-01
22 48  8.53e-02  7.84e-02  7.15e-02  6.44e-02  5.98e-02
22 49  1.15e-01  1.10e-01  1.03e-01  9.58e-02  9.03e-02
22 50  4.03e-02  3.89e-02  3.73e-02  3.55e-02  3.40e-02
22 51  2.69e-01  2.53e-01  2.36e-01  2.16e-01  2.03e-01
22 52  4.66e-01  4.48e-01  4.26e-01  3.99e-01  3.79e-01
23 24  6.29e-03  6.07e-03  5.70e-03  5.18e-03  4.84e-03
23 25  1.42e-01  1.35e-01  1.27e-01  1.17e-01  1.10e-01
23 26  1.00e-01  9.43e-02  8.92e-02  8.62e-02  8.56e-02
23 27  1.07e+00  1.03e+00  9.73e-01  8.99e-01  8.42e-01
23 28  1.61e+00  1.54e+00  1.45e+00  1.33e+00  1.24e+00
23 29  1.83e+00  1.73e+00  1.61e+00  1.46e+00  1.36e+00
23 30  7.57e-03  7.33e-03  7.06e-03  6.85e-03  6.78e-03
23 31  4.94e-03  4.93e-03  4.95e-03  5.05e-03  5.18e-03
23 32  5.18e-02  4.86e-02  4.43e-02  3.91e-02  3.56e-02
23 33  6.24e-02  5.75e-02  5.13e-02  4.38e-02  3.89e-02
23 34  5.09e-02  4.76e-02  4.31e-02  3.76e-02  3.38e-02
23 35  3.29e-02  3.15e-02  2.94e-02  2.65e-02  2.44e-02
23 36  1.76e-05  1.94e-05  2.07e-05  2.19e-05  2.28e-05
23 37  9.03e-02  8.06e-02  7.16e-02  6.32e-02  5.82e-02
23 38  4.05e-03  3.85e-03  3.52e-03  3.12e-03  2.86e-03
23 39  4.14e-01  3.81e-01  3.49e-01  3.14e-01  2.91e-01
23 40  4.37e-01  4.06e-01  3.73e-01  3.36e-01  3.11e-01
23 41  4.25e-01  3.95e-01  3.63e-01  3.27e-01  3.04e-01
23 42  4.40e-01  4.18e-01  3.95e-01  3.70e-01  3.54e-01
23 43  2.57e+00  2.54e+00  2.52e+00  2.51e+00  2.51e+00
23 44  5.48e-03  4.90e-03  4.24e-03  3.56e-03  3.16e-03
23 45  6.46e-02  6.30e-02  6.06e-02  5.81e-02  5.65e-02
23 46  6.49e-02  6.30e-02  6.02e-02  5.70e-02  5.56e-02
23 47  1.12e-01  1.06e-01  1.01e-01  9.66e-02  9.43e-02
23 48  7.64e-01  7.68e-01  7.74e-01  7.84e-01  7.89e-01
23 49  3.54e-03  3.32e-03  3.07e-03  2.83e-03  2.70e-03
23 50  1.66e-03  1.57e-03  1.46e-03  1.37e-03  1.33e-03
23 51  5.36e-03  4.99e-03  4.56e-03  4.12e-03  3.89e-03
23 52  6.05e-03  5.66e-03  5.22e-03  4.76e-03  4.48e-03
24 25  4.03e-02  4.34e-02  4.81e-02  5.58e-02  6.30e-02
24 26  1.11e-01  1.11e-01  1.08e-01  1.01e-01  9.51e-02
24 27  2.38e-02  2.52e-02  2.74e-02  3.12e-02  3.49e-02
24 28  1.44e-02  1.46e-02  1.51e-02  1.64e-02  1.78e-02
24 29  6.74e-03  6.61e-03  6.56e-03  6.71e-03  7.00e-03
24 30  1.31e+00  1.27e+00  1.22e+00  1.16e+00  1.11e+00
24 31  3.54e-02  3.23e-02  2.90e-02  2.56e-02  2.38e-02
24 32  1.47e-01  1.36e-01  1.27e-01  1.20e-01  1.18e-01
24 33  8.85e-02  8.49e-02  8.26e-02  8.27e-02  8.47e-02
24 34  5.90e-02  5.74e-02  5.72e-02  5.91e-02  6.19e-02
24 35  3.66e-02  3.62e-02  3.66e-02  3.86e-02  4.09e-02
24 36  3.50e-03  3.29e-03  3.05e-03  2.77e-03  2.57e-03
24 37  4.20e-02  4.31e-02  4.49e-02  4.86e-02  5.25e-02
24 38  1.83e+00  1.78e+00  1.71e+00  1.60e+00  1.51e+00
24 39  3.16e-02  2.98e-02  2.85e-02  2.82e-02  2.87e-02
24 40  1.90e-02  1.75e-02  1.61e-02  1.51e-02  1.48e-02
24 41  9.68e-03  8.83e-03  8.00e-03  7.27e-03  6.92e-03
24 42  1.61e-02  1.66e-02  1.75e-02  1.93e-02  2.11e-02
24 43  5.59e-03  5.54e-03  5.60e-03  5.90e-03  6.25e-03
24 44  2.45e-02  2.42e-02  2.36e-02  2.30e-02  2.25e-02
24 45  6.17e-02  6.17e-02  6.19e-02  6.29e-02  6.38e-02
24 46  2.90e-02  2.95e-02  3.02e-02  3.14e-02  3.25e-02
24 47  1.03e-02  9.84e-03  9.48e-03  9.35e-03  9.41e-03
24 48  7.11e-03  6.73e-03  6.40e-03  6.18e-03  6.11e-03
24 49  4.39e-02  4.33e-02  4.29e-02  4.30e-02  4.33e-02
24 50  1.26e-02  1.26e-02  1.27e-02  1.31e-02  1.36e-02
24 51  8.84e-02  8.63e-02  8.46e-02  8.37e-02  8.37e-02
24 52  1.16e-01  1.14e-01  1.13e-01  1.13e-01  1.13e-01
25 26  9.02e-04  1.13e-03  1.29e-03  1.32e-03  1.28e-03
25 27  5.77e+00  5.44e+00  5.09e+00  4.70e+00  4.43e+00
25 28  1.66e-01  1.44e-01  1.22e-01  1.00e-01  8.75e-02
25 29  2.02e-02  1.70e-02  1.38e-02  1.07e-02  8.98e-03
25 30  7.63e-03  7.43e-03  7.40e-03  7.73e-03  8.21e-03
25 31  1.54e-05  1.94e-05  2.22e-05  2.34e-05  2.35e-05
25 32  2.81e-01  2.74e-01  2.70e-01  2.70e-01  2.74e-01
25 33  7.02e-02  6.89e-02  6.85e-02  7.00e-02  7.24e-02
25 34  6.44e-03  6.19e-03  5.99e-03  5.90e-03  5.97e-03
25 35  9.29e-04  8.46e-04  7.72e-04  7.03e-04  6.70e-04
25 36  1.24e-04  1.09e-04  9.52e-05  8.71e-05  8.85e-05
25 37  1.18e+00  1.15e+00  1.12e+00  1.10e+00  1.09e+00
25 38  7.46e-03  7.79e-03  8.23e-03  8.97e-03  9.68e-03
25 39  2.39e-01  2.35e-01  2.35e-01  2.42e-01  2.50e-01
25 40  5.27e-02  5.43e-02  5.70e-02  6.20e-02  6.69e-02
25 41  7.72e-03  8.07e-03  8.65e-03  9.64e-03  1.05e-02
25 42  4.72e+00  4.59e+00  4.40e+00  4.12e+00  3.88e+00
25 43  2.91e-02  2.79e-02  2.65e-02  2.49e-02  2.38e-02
25 44  2.10e-04  1.81e-04  1.51e-04  1.17e-04  9.90e-05
25 45  8.12e-02  7.98e-02  7.83e-02  7.71e-02  7.68e-02
25 46  3.02e-03  2.95e-03  2.91e-03  2.92e-03  2.96e-03
25 47  1.39e-01  1.39e-01  1.41e-01  1.45e-01  1.50e-01
25 48  2.16e-02  2.20e-02  2.28e-02  2.42e-02  2.54e-02
25 49  2.18e-03  2.15e-03  2.17e-03  2.27e-03  2.39e-03
25 50  2.70e-06  2.78e-06  2.86e-06  3.11e-06  3.48e-06
25 51  1.08e-02  1.06e-02  1.06e-02  1.09e-02  1.13e-02
25 52  5.15e-02  5.20e-02  5.38e-02  5.81e-02  6.26e-02
26 27  2.61e-03  3.01e-03  3.25e-03  3.21e-03  3.03e-03
26 28  3.73e-03  4.33e-03  4.67e-03  4.60e-03  4.34e-03
26 29  4.94e-03  5.58e-03  5.87e-03  5.69e-03  5.27e-03
26 30  2.09e-01  2.07e-01  2.00e-01  1.87e-01  1.77e-01
26 31  1.40e-01  1.38e-01  1.33e-01  1.24e-01  1.18e-01
26 32  5.36e-02  5.30e-02  5.10e-02  4.76e-02  4.48e-02
26 33  1.06e-01  1.01e-01  9.29e-02  8.31e-02  7.60e-02
26 34  1.19e-01  1.12e-01  1.04e-01  9.27e-02  8.49e-02
26 35  9.65e-02  9.16e-02  8.52e-02  7.71e-02  7.11e-02
26 36  1.16e-04  1.23e-04  1.27e-04  1.29e-04  1.29e-04
26 37  8.94e-03  8.47e-03  7.71e-03  6.65e-03  5.92e-03
26 38  2.52e-01  2.46e-01  2.41e-01  2.36e-01  2.33e-01
26 39  1.63e-01  1.56e-01  1.47e-01  1.36e-01  1.27e-01
26 40  2.05e-01  1.94e-01  1.80e-01  1.65e-01  1.54e-01
26 41  1.84e-01  1.72e-01  1.59e-01  1.45e-01  1.35e-01
26 42  1.48e-02  1.32e-02  1.15e-02  9.62e-03  8.49e-03
26 43  2.42e-02  2.19e-02  1.96e-02  1.72e-02  1.59e-02
26 44  2.29e-01  2.30e-01  2.31e-01  2.32e-01  2.33e-01
26 45  1.02e-01  1.00e-01  9.69e-02  9.31e-02  9.04e-02
26 46  2.10e-01  2.08e-01  2.05e-01  2.03e-01  2.01e-01
26 47  7.82e-02  7.26e-02  6.67e-02  6.06e-02  5.64e-02
26 48  2.48e-01  2.45e-01  2.42e-01  2.41e-01  2.40e-01
26 49  1.50e-01  1.42e-01  1.34e-01  1.23e-01  1.16e-01
26 50  7.89e-02  7.54e-02  7.10e-02  6.59e-02  6.21e-02
26 51  1.90e-01  1.81e-01  1.69e-01  1.56e-01  1.46e-01
26 52  1.33e-01  1.28e-01  1.22e-01  1.16e-01  1.11e-01
27 28  7.10e+00  6.72e+00  6.33e+00  5.90e+00  5.60e+00
27 29  1.48e-01  1.30e-01  1.12e-01  9.43e-02  8.48e-02
27 30  2.06e-02  2.08e-02  2.16e-02  2.36e-02  2.58e-02
27 31  4.03e-03  4.11e-03  4.33e-03  4.79e-03  5.27e-03
27 32  1.73e-01  1.67e-01  1.62e-01  1.59e-01  1.60e-01
27 33  1.36e-01  1.31e-01  1.26e-01  1.23e-01  1.23e-01
27 34  7.83e-02  7.61e-02  7.50e-02  7.63e-02  7.89e-02
27 35  8.74e-03  8.17e-03  7.75e-03  7.52e-03  7.53e-03
27 36  9.18e-05  8.07e-05  7.13e-05  6.68e-05  6.94e-05
27 37  5.44e-01  5.13e-01  4.88e-01  4.68e-01  4.59e-01
27 38  5.06e-03  5.13e-03  5.25e-03  5.51e-03  5.82e-03
27 39  4.62e-01  4.46e-01  4.37e-01  4.38e-01  4.44e-01
27 40  2.01e-01  1.95e-01  1.91e-01  1.93e-01  1.97e-01
27 41  5.66e-02  5.74e-02  5.96e-02  6.45e-02  6.95e-02
27 42  2.60e+00  2.53e+00  2.43e+00  2.28e+00  2.15e+00
27 43  1.68e+00  1.64e+00  1.57e+00  1.48e+00  1.39e+00
27 44  2.46e-03  2.40e-03  2.38e-03  2.43e-03  2.52e-03
27 45  5.53e-02  5.38e-02  5.20e-02  5.03e-02  4.95e-02
27 46  4.48e-02  4.18e-02  3.90e-02  3.62e-02  3.47e-02
27 47  8.48e-02  8.41e-02  8.44e-02  8.65e-02  8.88e-02
27 48  5.08e-02  5.08e-02  5.13e-02  5.27e-02  5.42e-02
27 49  6.85e-03  6.77e-03  6.79e-03  7.02e-03  7.30e-03
27 50  1.65e-03  1.63e-03  1.65e-03  1.73e-03  1.82e-03
27 51  2.46e-02  2.54e-02  2.69e-02  2.98e-02  3.26e-02
27 52  2.46e-02  2.49e-02  2.57e-02  2.75e-02  2.94e-02
28 29  5.45e+00  5.16e+00  4.84e+00  4.50e+00  4.26e+00
28 30  2.66e-02  2.57e-02  2.55e-02  2.66e-02  2.83e-02
28 31  9.28e-03  9.79e-03  1.06e-02  1.21e-02  1.35e-02
28 32  8.39e-02  7.88e-02  7.40e-02  6.95e-02  6.70e-02
28 33  1.48e-01  1.43e-01  1.40e-01  1.39e-01  1.41e-01
28 34  9.64e-02  9.17e-02  8.72e-02  8.35e-02  8.21e-02
28 35  6.31e-02  6.13e-02  6.03e-02  6.09e-02  6.25e-02
28 36  7.91e-05  6.93e-05  6.09e-05  5.62e-05  5.80e-05
28 37  1.62e-01  1.47e-01  1.36e-01  1.28e-01  1.26e-01
28 38  2.99e-03  2.99e-03  3.00e-03  3.08e-03  3.20e-03
28 39  3.19e-01  3.02e-01  2.90e-01  2.83e-01  2.82e-01
28 40  2.94e-01  2.90e-01  2.91e-01  2.99e-01  3.09e-01
28 41  1.77e-01  1.71e-01  1.69e-01  1.71e-01  1.76e-01
28 42  1.07e+00  1.04e+00  1.00e+00  9.41e-01  8.91e-01
28 43  2.62e+00  2.55e+00  2.45e+00  2.30e+00  2.18e+00
28 44  3.40e-03  3.34e-03  3.34e-03  3.47e-03  3.64e-03
28 45  3.25e-02  3.16e-02  3.04e-02  2.91e-02  2.84e-02
28 46  5.55e-02  5.27e-02  5.00e-02  4.76e-02  4.62e-02
28 47  4.28e-02  4.23e-02  4.23e-02  4.33e-02  4.46e-02
28 48  6.51e-02  6.52e-02  6.57e-02  6.74e-02  6.90e-02
28 49  1.60e-02  1.64e-02  1.73e-02  1.90e-02  2.07e-02
28 50  5.69e-03  5.59e-03  5.58e-03  5.75e-03  5.98e-03
28 51  1.99e-02  2.03e-02  2.11e-02  2.28e-02  2.45e-02
28 52  9.08e-03  9.16e-03  9.44e-03  1.01e-02  1.07e-02
29 30  2.06e-02  2.01e-02  2.01e-02  2.12e-02  2.27e-02
29 31  1.23e-02  1.32e-02  1.46e-02  1.68e-02  1.90e-02
29 32  2.50e-02  2.25e-02  2.01e-02  1.79e-02  1.66e-02
29 33  6.59e-02  6.14e-02  5.72e-02  5.37e-02  5.23e-02
29 34  1.24e-01  1.20e-01  1.16e-01  1.15e-01  1.16e-01
29 35  1.21e-01  1.16e-01  1.12e-01  1.10e-01  1.10e-01
29 36  7.56e-05  6.57e-05  5.65e-05  5.04e-05  5.01e-05
29 37  1.36e-02  1.34e-02  1.37e-02  1.46e-02  1.57e-02
29 38  1.40e-03  1.38e-03  1.35e-03  1.33e-03  1.35e-03
29 39  1.07e-01  1.03e-01  1.01e-01  1.02e-01  1.05e-01
29 40  2.05e-01  1.98e-01  1.94e-01  1.96e-01  2.01e-01
29 41  3.33e-01  3.26e-01  3.22e-01  3.26e-01  3.34e-01
29 42  1.52e-02  1.43e-02  1.34e-02  1.24e-02  1.18e-02
29 43  3.00e+00  2.92e+00  2.80e+00  2.64e+00  2.50e+00
29 44  3.77e-03  3.74e-03  3.78e-03  3.99e-03  4.24e-03
29 45  1.56e-02  1.51e-02  1.45e-02  1.38e-02  1.33e-02
29 46  5.16e-02  4.98e-02  4.81e-02  4.66e-02  4.60e-02
29 47  1.79e-02  1.77e-02  1.77e-02  1.82e-02  1.86e-02
29 48  6.59e-02  6.62e-02  6.69e-02  6.87e-02  7.04e-02
29 49  1.72e-02  1.73e-02  1.78e-02  1.90e-02  2.02e-02
29 50  1.26e-02  1.28e-02  1.34e-02  1.47e-02  1.60e-02
29 51  1.02e-02  1.01e-02  1.01e-02  1.06e-02  1.10e-02
29 52  2.28e-03  2.30e-03  2.35e-03  2.50e-03  2.65e-03
30 31  9.32e-01  9.05e-01  8.72e-01  8.30e-01  7.97e-01
30 32  6.62e-02  6.24e-02  6.05e-02  6.11e-02  6.32e-02
30 33  9.00e-02  8.10e-02  7.32e-02  6.73e-02  6.50e-02
30 34  6.61e-02  5.89e-02  5.26e-02  4.72e-02  4.49e-02
30 35  3.48e-02  3.16e-02  2.86e-02  2.60e-02  2.49e-02
30 36  1.51e-03  1.44e-03  1.36e-03  1.26e-03  1.19e-03
30 37  1.14e-02  1.16e-02  1.20e-02  1.30e-02  1.42e-02
30 38  9.38e-01  9.07e-01  8.68e-01  8.15e-01  7.70e-01
30 39  2.07e-02  2.07e-02  2.12e-02  2.26e-02  2.42e-02
30 40  2.42e-02  2.36e-02  2.36e-02  2.45e-02  2.59e-02
30 41  2.28e-02  2.19e-02  2.14e-02  2.20e-02  2.30e-02
30 42  7.33e-03  7.52e-03  7.90e-03  8.67e-03  9.43e-03
30 43  6.58e-03  6.62e-03  6.81e-03  7.27e-03  7.75e-03
30 44  6.69e-01  6.51e-01  6.26e-01  5.88e-01  5.56e-01
30 45  3.02e-02  3.02e-02  3.03e-02  3.08e-02  3.14e-02
30 46  2.83e-02  2.74e-02  2.67e-02  2.62e-02  2.61e-02
30 47  5.24e-03  4.90e-03  4.65e-03  4.53e-03  4.54e-03
30 48  6.45e-03  6.18e-03  5.95e-03  5.83e-03  5.84e-03
30 49  3.70e-02  3.61e-02  3.53e-02  3.47e-02  3.46e-02
30 50  3.52e-02  3.45e-02  3.37e-02  3.30e-02  3.26e-02
30 51  3.16e-02  3.06e-02  2.99e-02  2.98e-02  3.03e-02
30 52  5.36e-02  5.34e-02  5.34e-02  5.38e-02  5.45e-02
31 32  4.38e-02  3.93e-02  3.63e-02  3.51e-02  3.55e-02
31 33  5.21e-02  4.30e-02  3.56e-02  2.96e-02  2.68e-02
31 34  4.74e-02  4.00e-02  3.36e-02  2.80e-02  2.52e-02
31 35  3.22e-02  2.82e-02  2.45e-02  2.10e-02  1.91e-02
31 36  5.80e-04  5.60e-04  5.34e-04  5.01e-04  4.77e-04
31 37  1.20e-03  1.15e-03  1.07e-03  1.00e-03  9.79e-04
31 38  1.34e-02  1.34e-02  1.38e-02  1.49e-02  1.61e-02
31 39  1.35e-02  1.32e-02  1.31e-02  1.36e-02  1.42e-02
31 40  1.74e-01  1.67e-01  1.59e-01  1.49e-01  1.41e-01
31 41  1.04e-02  1.06e-02  1.12e-02  1.25e-02  1.39e-02
31 42  6.97e-01  6.79e-01  6.53e-01  6.15e-01  5.81e-01
31 43  1.20e-03  1.21e-03  1.25e-03  1.35e-03  1.46e-03
31 44  5.07e-03  5.19e-03  5.44e-03  5.95e-03  6.45e-03
31 45  9.59e-03  9.72e-03  9.90e-03  1.02e-02  1.05e-02
31 46  1.64e-02  1.57e-02  1.50e-02  1.43e-02  1.40e-02
31 47  1.97e-03  1.81e-03  1.68e-03  1.61e-03  1.59e-03
31 48  3.47e-03  3.39e-03  3.36e-03  3.42e-03  3.51e-03
31 49  2.36e-02  2.29e-02  2.22e-02  2.18e-02  2.16e-02
31 50  1.07e-02  1.03e-02  9.76e-03  9.27e-03  8.98e-03
31 51  3.37e-02  3.30e-02  3.23e-02  3.19e-02  3.18e-02
31 52  9.01e-03  9.28e-03  9.69e-03  1.04e-02  1.12e-02
32 33  3.21e+00  3.11e+00  2.98e+00  2.82e+00  2.69e+00
32 34  4.82e-02  4.43e-02  3.99e-02  3.53e-02  3.26e-02
32 35  1.06e-02  9.56e-03  8.58e-03  7.63e-03  7.09e-03
32 36  1.55e-03  1.38e-03  1.23e-03  1.09e-03  1.01e-03
32 37  5.05e-01  4.72e-01  4.38e-01  4.06e-01  3.89e-01
32 38  4.32e-02  4.30e-02  4.28e-02  4.28e-02  4.28e-02
32 39  3.67e-01  3.22e-01  2.80e-01  2.42e-01  2.21e-01
32 40  1.52e-01  1.40e-01  1.28e-01  1.15e-01  1.07e-01
32 41  1.45e-02  1.28e-02  1.12e-02  9.67e-03  8.78e-03
32 42  1.52e-01  1.41e-01  1.31e-01  1.22e-01  1.17e-01
32 43  3.29e-02  3.13e-02  2.98e-02  2.86e-02  2.80e-02
32 44  1.33e-02  1.33e-02  1.33e-02  1.36e-02  1.39e-02
32 45  3.80e+00  3.68e+00  3.53e+00  3.31e+00  3.12e+00
32 46  2.26e-02  2.11e-02  1.95e-02  1.78e-02  1.67e-02
32 47  1.17e-01  1.13e-01  1.08e-01  1.04e-01  1.01e-01
32 48  1.20e-02  1.13e-02  1.07e-02  1.02e-02  9.91e-03
32 49  2.58e-02  2.64e-02  2.73e-02  2.89e-02  3.02e-02
32 50  8.17e-03  8.55e-03  9.14e-03  1.01e-02  1.10e-02
32 51  1.66e-01  1.69e-01  1.73e-01  1.81e-01  1.88e-01
32 52  3.36e-01  3.40e-01  3.46e-01  3.59e-01  3.69e-01
33 34  3.76e+00  3.64e+00  3.50e+00  3.32e+00  3.18e+00
33 35  4.62e-02  4.28e-02  3.90e-02  3.48e-02  3.25e-02
33 36  7.89e-04  7.43e-04  6.94e-04  6.48e-04  6.23e-04
33 37  1.30e-01  1.22e-01  1.14e-01  1.09e-01  1.07e-01
33 38  3.03e-02  3.03e-02  3.03e-02  3.05e-02  3.08e-02
33 39  2.38e-01  2.11e-01  1.85e-01  1.62e-01  1.50e-01
33 40  3.39e-01  3.11e-01  2.83e-01  2.56e-01  2.40e-01
33 41  1.66e-01  1.48e-01  1.31e-01  1.14e-01  1.04e-01
33 42  7.58e-02  7.02e-02  6.51e-02  6.05e-02  5.81e-02
33 43  6.74e-02  6.31e-02  5.90e-02  5.53e-02  5.33e-02
33 44  1.49e-02  1.48e-02  1.47e-02  1.47e-02  1.48e-02
33 45  1.91e+00  1.85e+00  1.77e+00  1.66e+00  1.56e+00
33 46  1.24e+00  1.20e+00  1.15e+00  1.08e+00  1.01e+00
33 47  5.45e-02  5.22e-02  5.00e-02  4.78e-02  4.66e-02
33 48  3.75e-02  3.59e-02  3.43e-02  3.28e-02  3.20e-02
33 49  1.40e-01  1.42e-01  1.46e-01  1.53e-01  1.59e-01
33 50  2.33e-02  2.38e-02  2.45e-02  2.58e-02  2.68e-02
33 51  1.19e-01  1.20e-01  1.22e-01  1.26e-01  1.29e-01
33 52  1.51e-01  1.53e-01  1.56e-01  1.63e-01  1.69e-01
34 35  2.76e+00  2.66e+00  2.55e+00  2.42e+00  2.31e+00
34 36  4.25e-04  4.17e-04  4.04e-04  3.89e-04  3.82e-04
34 37  2.50e-02  2.30e-02  2.13e-02  2.01e-02  1.98e-02
34 38  2.14e-02  2.16e-02  2.18e-02  2.23e-02  2.28e-02
34 39  1.18e-01  1.09e-01  1.01e-01  9.58e-02  9.40e-02
34 40  1.83e-01  1.63e-01  1.44e-01  1.26e-01  1.16e-01
34 41  3.20e-01  2.96e-01  2.73e-01  2.50e-01  2.35e-01
34 42  2.95e-02  2.75e-02  2.57e-02  2.43e-02  2.36e-02
34 43  6.57e-02  6.15e-02  5.76e-02  5.42e-02  5.26e-02
34 44  1.24e-02  1.20e-02  1.16e-02  1.13e-02  1.11e-02
34 45  6.67e-01  6.45e-01  6.17e-01  5.78e-01  5.45e-01
34 46  1.72e+00  1.67e+00  1.60e+00  1.50e+00  1.41e+00
34 47  1.59e-02  1.50e-02  1.42e-02  1.35e-02  1.33e-02
34 48  4.33e-02  4.20e-02  4.05e-02  3.92e-02  3.85e-02
34 49  7.27e-02  7.32e-02  7.44e-02  7.67e-02  7.88e-02
34 50  8.76e-02  8.87e-02  9.06e-02  9.42e-02  9.72e-02
34 51  1.22e-01  1.24e-01  1.27e-01  1.32e-01  1.37e-01
34 52  4.84e-02  4.92e-02  5.06e-02  5.31e-02  5.53e-02
35 36  2.38e-04  2.30e-04  2.21e-04  2.12e-04  2.09e-04
35 37  2.65e-03  2.48e-03  2.30e-03  2.14e-03  2.07e-03
35 38  1.47e-02  1.49e-02  1.53e-02  1.58e-02  1.64e-02
35 39  2.57e-02  2.34e-02  2.15e-02  2.04e-02  2.03e-02
35 40  9.47e-02  8.80e-02  8.23e-02  7.82e-02  7.69e-02
35 41  2.85e-01  2.66e-01  2.47e-01  2.28e-01  2.16e-01
35 42  3.22e-03  3.30e-03  3.43e-03  3.66e-03  3.87e-03
35 43  5.44e-02  5.12e-02  4.83e-02  4.59e-02  4.47e-02
35 44  8.06e-03  7.51e-03  6.92e-03  6.29e-03  5.86e-03
35 45  7.34e-03  7.01e-03  6.54e-03  6.00e-03  5.68e-03
35 46  1.59e+00  1.54e+00  1.48e+00  1.39e+00  1.31e+00
35 47  4.32e-03  3.88e-03  3.49e-03  3.15e-03  3.01e-03
35 48  2.99e-02  2.92e-02  2.85e-02  2.80e-02  2.78e-02
35 49  1.00e-01  1.01e-01  1.03e-01  1.06e-01  1.09e-01
35 50  5.76e-02  5.79e-02  5.86e-02  6.02e-02  6.16e-02
35 51  5.66e-02  5.76e-02  5.93e-02  6.23e-02  6.48e-02
35 52  1.09e-02  1.12e-02  1.16e-02  1.25e-02  1.32e-02
36 37  4.75e-04  4.81e-04  4.95e-04  5.22e-04  5.48e-04
36 38  4.45e-04  4.33e-04  4.16e-04  3.92e-04  3.70e-04
36 39  4.21e-04  4.25e-04  4.35e-04  4.55e-04  4.74e-04
36 40  3.33e-04  3.39e-04  3.47e-04  3.62e-04  3.76e-04
36 41  2.42e-04  2.47e-04  2.54e-04  2.66e-04  2.77e-04
36 42  2.14e-05  2.14e-05  2.17e-05  2.24e-05  2.32e-05
36 43  6.42e-06  6.15e-06  5.93e-06  5.79e-06  5.77e-06
36 44  4.92e-05  4.79e-05  4.64e-05  4.44e-05  4.27e-05
36 45  3.80e-04  3.75e-04  3.68e-04  3.58e-04  3.49e-04
36 46  8.51e-05  8.40e-05  8.21e-05  7.98e-05  7.80e-05
36 47  1.07e-05  9.59e-06  8.76e-06  8.23e-06  8.07e-06
36 48  1.65e-05  1.52e-05  1.40e-05  1.28e-05  1.21e-05
36 49  3.93e-04  3.83e-04  3.70e-04  3.57e-04  3.47e-04
36 50  1.94e-04  1.88e-04  1.81e-04  1.74e-04  1.68e-04
36 51  5.71e-04  5.57e-04  5.42e-04  5.26e-04  5.15e-04
36 52  6.52e-04  6.40e-04  6.27e-04  6.15e-04  6.09e-04
37 38  6.61e-03  6.53e-03  6.45e-03  6.50e-03  6.64e-03
37 39  3.81e+00  3.69e+00  3.54e+00  3.34e+00  3.18e+00
37 40  6.88e-02  6.24e-02  5.60e-02  4.95e-02  4.59e-02
37 41  9.05e-03  8.28e-03  7.53e-03  6.84e-03  6.50e-03
37 42  1.14e+00  1.09e+00  1.03e+00  9.58e-01  9.10e-01
37 43  1.88e-01  1.80e-01  1.71e-01  1.61e-01  1.54e-01
37 44  5.03e-03  5.25e-03  5.63e-03  6.32e-03  6.94e-03
37 45  1.04e-01  1.01e-01  9.66e-02  9.26e-02  9.05e-02
37 46  1.97e-02  1.88e-02  1.79e-02  1.71e-02  1.68e-02
37 47  4.44e+00  4.30e+00  4.11e+00  3.84e+00  3.62e+00
37 48  1.34e-02  1.26e-02  1.17e-02  1.10e-02  1.06e-02
37 49  2.48e-02  2.60e-02  2.80e-02  3.13e-02  3.42e-02
37 50  5.54e-03  5.81e-03  6.25e-03  6.99e-03  7.62e-03
37 51  6.73e-02  6.83e-02  7.06e-02  7.52e-02  7.95e-02
37 52  3.97e-01  3.99e-01  4.05e-01  4.17e-01  4.28e-01
38 39  7.42e-03  7.03e-03  6.56e-03  6.10e-03  5.84e-03
38 40  8.43e-03  8.12e-03  7.77e-03  7.46e-03  7.32e-03
38 41  6.53e-03  6.35e-03  6.16e-03  6.05e-03  6.05e-03
38 42  1.58e-02  1.71e-02  1.92e-02  2.29e-02  2.64e-02
38 43  1.81e-02  1.93e-02  2.13e-02  2.48e-02  2.81e-02
38 44  2.16e-01  2.12e-01  2.07e-01  2.00e-01  1.94e-01
38 45  1.99e-01  2.02e-01  2.08e-01  2.18e-01  2.27e-01
38 46  7.58e-02  7.74e-02  8.00e-02  8.47e-02  8.88e-02
38 47  3.36e-02  3.43e-02  3.60e-02  3.97e-02  4.35e-02
38 48  2.16e-02  2.17e-02  2.25e-02  2.45e-02  2.66e-02
38 49  1.28e-02  1.21e-02  1.11e-02  1.00e-02  9.33e-03
38 50  9.69e-03  9.29e-03  8.77e-03  8.18e-03  7.77e-03
38 51  2.63e-02  2.47e-02  2.28e-02  2.07e-02  1.95e-02
38 52  3.11e-02  2.96e-02  2.77e-02  2.58e-02  2.47e-02
39 40  4.84e+00  4.69e+00  4.50e+00  4.27e+00  4.08e+00
39 41  5.80e-02  5.31e-02  4.83e-02  4.42e-02  4.22e-02
39 42  4.84e-01  4.59e-01  4.31e-01  3.98e-01  3.77e-01
39 43  1.83e-01  1.71e-01  1.58e-01  1.45e-01  1.38e-01
39 44  5.12e-03  5.10e-03  5.14e-03  5.33e-03  5.57e-03
39 45  2.06e-01  1.97e-01  1.86e-01  1.73e-01  1.63e-01
39 46  6.08e-02  5.57e-02  5.03e-02  4.48e-02  4.15e-02
39 47  2.48e+00  2.40e+00  2.30e+00  2.15e+00  2.03e+00
39 48  1.58e+00  1.53e+00  1.47e+00  1.38e+00  1.30e+00
39 49  3.21e-02  3.20e-02  3.23e-02  3.35e-02  3.47e-02
39 50  1.76e-02  1.84e-02  1.97e-02  2.21e-02  2.41e-02
39 51  1.87e-01  1.90e-01  1.94e-01  2.02e-01  2.08e-01
39 52  1.85e-01  1.87e-01  1.90e-01  1.97e-01  2.03e-01
40 41  3.70e+00  3.58e+00  3.42e+00  3.22e+00  3.08e+00
40 42  8.08e-02  7.32e-02  6.55e-02  5.82e-02  5.44e-02
40 43  2.12e-01  2.01e-01  1.89e-01  1.77e-01  1.69e-01
40 44  4.33e-03  4.00e-03  3.66e-03  3.34e-03  3.18e-03
40 45  6.19e-02  5.60e-02  4.97e-02  4.32e-02  3.93e-02
40 46  2.70e-01  2.56e-01  2.40e-01  2.23e-01  2.10e-01
40 47  9.43e-01  9.13e-01  8.74e-01  8.18e-01  7.70e-01
40 48  2.36e+00  2.28e+00  2.19e+00  2.05e+00  1.93e+00
40 49  1.21e-01  1.23e-01  1.26e-01  1.32e-01  1.37e-01
40 50  1.92e-02  1.90e-02  1.90e-02  1.94e-02  2.00e-02
40 51  1.28e-01  1.29e-01  1.31e-01  1.35e-01  1.39e-01
40 52  6.99e-02  7.08e-02  7.28e-02  7.69e-02  8.07e-02
41 42  1.39e-02  1.34e-02  1.30e-02  1.27e-02  1.27e-02
41 43  1.02e-01  9.72e-02  9.27e-02  8.89e-02  8.71e-02
41 44  6.08e-03  5.62e-03  5.14e-03  4.69e-03  4.44e-03
41 45  1.07e-01  1.02e-01  9.63e-02  8.90e-02  8.35e-02
41 46  2.28e-01  2.15e-01  2.01e-01  1.86e-01  1.75e-01
41 47  9.07e-03  8.25e-03  7.40e-03  6.55e-03  6.09e-03
41 48  2.40e+00  2.33e+00  2.23e+00  2.10e+00  1.98e+00
41 49  8.84e-02  8.86e-02  8.96e-02  9.21e-02  9.45e-02
41 50  8.08e-02  8.13e-02  8.25e-02  8.51e-02  8.73e-02
41 51  5.79e-02  5.88e-02  6.05e-02  6.40e-02  6.71e-02
41 52  2.35e-02  2.42e-02  2.55e-02  2.77e-02  2.97e-02
42 43  4.33e-01  4.21e-01  4.06e-01  3.91e-01  3.81e-01
42 44  9.48e-03  9.41e-03  9.60e-03  1.03e-02  1.12e-02
42 45  2.32e-01  2.31e-01  2.32e-01  2.37e-01  2.42e-01
42 46  6.54e-02  6.50e-02  6.56e-02  6.77e-02  7.00e-02
42 47  6.83e-01  6.77e-01  6.74e-01  6.75e-01  6.77e-01
42 48  1.78e-01  1.86e-01  1.97e-01  2.16e-01  2.33e-01
42 49  2.56e-03  2.42e-03  2.26e-03  2.11e-03  2.02e-03
42 50  9.08e-04  8.37e-04  7.56e-04  6.75e-04  6.30e-04
42 51  7.56e-03  7.36e-03  7.16e-03  7.06e-03  7.10e-03
42 52  2.72e-02  2.72e-02  2.73e-02  2.81e-02  2.90e-02
43 44  6.20e-03  6.76e-03  7.62e-03  9.12e-03  1.06e-02
43 45  1.18e-01  1.17e-01  1.17e-01  1.19e-01  1.22e-01
43 46  1.71e-01  1.72e-01  1.73e-01  1.77e-01  1.81e-01
43 47  2.37e-01  2.42e-01  2.50e-01  2.66e-01  2.80e-01
43 48  2.92e-01  2.96e-01  3.03e-01  3.15e-01  3.26e-01
43 49  5.09e-03  4.91e-03  4.75e-03  4.66e-03  4.66e-03
43 50  2.31e-03  2.23e-03  2.16e-03  2.12e-03  2.12e-03
43 51  8.88e-03  8.61e-03  8.39e-03  8.31e-03  8.39e-03
43 52  5.82e-03  5.60e-03  5.43e-03  5.40e-03  5.49e-03
44 45  3.43e-02  3.64e-02  3.91e-02  4.29e-02  4.61e-02
44 46  7.75e-02  7.94e-02  8.19e-02  8.58e-02  8.90e-02
44 47  1.04e-02  1.06e-02  1.12e-02  1.26e-02  1.40e-02
44 48  2.09e-02  2.12e-02  2.21e-02  2.41e-02  2.61e-02
44 49  2.64e-02  2.50e-02  2.33e-02  2.15e-02  2.03e-02
44 50  1.31e-02  1.23e-02  1.13e-02  1.03e-02  9.53e-03
44 51  1.32e-02  1.23e-02  1.12e-02  1.01e-02  9.44e-03
44 52  7.03e-03  6.94e-03  6.79e-03  6.70e-03  6.68e-03
45 46  2.75e-01  2.63e-01  2.48e-01  2.29e-01  2.15e-01
45 47  1.53e-01  1.47e-01  1.43e-01  1.42e-01  1.44e-01
45 48  1.44e-01  1.40e-01  1.38e-01  1.38e-01  1.39e-01
45 49  2.25e-02  2.13e-02  1.97e-02  1.81e-02  1.72e-02
45 50  6.77e-03  6.47e-03  6.06e-03  5.63e-03  5.41e-03
45 51  5.09e-02  4.68e-02  4.21e-02  3.72e-02  3.45e-02
45 52  9.20e-02  8.57e-02  7.76e-02  6.89e-02  6.38e-02
46 47  8.82e-02  8.81e-02  8.94e-02  9.32e-02  9.73e-02
46 48  1.61e-01  1.56e-01  1.51e-01  1.46e-01  1.43e-01
46 49  4.21e-02  3.89e-02  3.50e-02  3.09e-02  2.85e-02
46 50  2.66e-02  2.49e-02  2.28e-02  2.07e-02  1.95e-02
46 51  4.37e-02  4.02e-02  3.60e-02  3.16e-02  2.90e-02
46 52  1.92e-02  1.79e-02  1.62e-02  1.44e-02  1.34e-02
47 48  4.34e-01  4.15e-01  3.91e-01  3.61e-01  3.39e-01
47 49  2.16e-02  2.12e-02  2.05e-02  2.00e-02  1.98e-02
47 50  5.29e-03  5.44e-03  5.71e-03  6.24e-03  6.72e-03
47 51  5.35e-02  5.17e-02  4.87e-02  4.53e-02  4.35e-02
47 52  8.94e-02  8.64e-02  8.16e-02  7.65e-02  7.35e-02
48 49  3.84e-02  3.71e-02  3.48e-02  3.22e-02  3.06e-02
48 50  2.06e-02  1.99e-02  1.87e-02  1.73e-02  1.65e-02
48 51  4.62e-02  4.47e-02  4.22e-02  3.95e-02  3.79e-02
48 52  2.73e-02  2.70e-02  2.66e-02  2.68e-02  2.72e-02
48 53  5.06e-01  5.11e-01  5.18e-01  5.29e-01  5.34e-01
48 54  1.77e-01  1.76e-01  1.75e-01  1.74e-01  1.72e-01
48 55  6.77e-02  7.14e-02  7.74e-02  8.76e-02  9.68e-02
48 56  5.81e-02  5.93e-02  6.14e-02  6.53e-02  6.86e-02
48 57  1.14e-01  1.15e-01  1.18e-01  1.24e-01  1.30e-01
48 58  9.10e-02  8.86e-02  8.73e-02  8.77e-02  8.91e-02
48 59  1.91e-01  1.96e-01  2.03e-01  2.13e-01  2.21e-01
48 60  9.87e-02  1.02e-01  1.08e-01  1.18e-01  1.25e-01
48 61  9.99e-03  1.08e-02  1.21e-02  1.41e-02  1.59e-02
48 62  3.62e-02  3.79e-02  4.03e-02  4.41e-02  4.70e-02
48 63  2.22e-02  2.27e-02  2.36e-02  2.47e-02  2.56e-02
49 50  1.87e+00  1.79e+00  1.70e+00  1.60e+00  1.52e+00
49 51  2.58e+00  2.48e+00  2.36e+00  2.22e+00  2.12e+00
49 52  2.71e-02  2.71e-02  2.74e-02  2.86e-02  3.00e-02
50 51  1.55e-02  1.47e-02  1.37e-02  1.29e-02  1.25e-02
50 52  9.35e-03  9.81e-03  1.06e-02  1.19e-02  1.31e-02
51 52  2.08e+00  2.00e+00  1.90e+00  1.79e+00  1.71e+00
*** Fe II collision strengths
*** ATOM iron
*** SPECTRUM 2
*** N_LEVELS 52
*** GSCONFIG 3d64s (6D)
*** T_UNIT K/10000
*** NOTE Collision strengths
*** SOURCE Bautista, M. A.; Fivet, V.;Ballance, C.; et al. ApJ, 808, 174
